Unnamed: 0,R1,R2,R3,R4,R5,R6,R7,R8,R9,R10,R11,Y1,Y2,Y3,Y4,Y5,Y6,Y7,Y8,Y9,Y10,Y11,G1,G2,G3,G4,G5,G6,G7,G8,G9,G10,G11,B1,B2,B3,B4,B5,B6,B7,B8,B9,B10,B11
R1,9489.0,1194.0,1828.0,1247.0,3252.0,1723.0,1527.0,1421.0,687.0,1696.0,1942.0,2673.0,3595.0,1897.0,1666.0,1241.0,1957.0,1216.0,941.0,2137.0,2142.0,1243.0,2406.0,2836.0,2288.0,1438.0,1655.0,2160.0,1565.0,2479.0,1628.0,1690.0,2020.0,1467.0,1554.0,1355.0,1050.0,2360.0,1133.0,1411.0,1579.0,2133.0,1067.0,1413.0
R2,1194.0,4479.0,1035.0,479.0,1676.0,457.0,314.0,136.0,154.0,744.0,998.0,1502.0,2110.0,1048.0,764.0,647.0,1464.0,260.0,506.0,1614.0,1689.0,474.0,1042.0,1366.0,868.0,285.0,205.0,878.0,967.0,1131.0,798.0,791.0,1285.0,804.0,649.0,376.0,452.0,785.0,434.0,747.0,543.0,1036.0,343.0,782.0
R3,1828.0,1035.0,9234.0,1469.0,2812.0,1506.0,1495.0,1192.0,1562.0,1189.0,2199.0,2267.0,3584.0,1711.0,1593.0,1454.0,2189.0,1435.0,1349.0,2215.0,2148.0,1374.0,1626.0,2181.0,1578.0,1094.0,1640.0,2055.0,1409.0,2380.0,1738.0,1397.0,2025.0,1443.0,1613.0,1177.0,1185.0,2073.0,1615.0,1616.0,1472.0,1868.0,1442.0,1639.0
R4,1247.0,479.0,1469.0,5750.0,1734.0,790.0,561.0,732.0,318.0,1054.0,1342.0,1490.0,2461.0,1182.0,853.0,643.0,1480.0,658.0,663.0,1430.0,1931.0,777.0,1263.0,1460.0,708.0,746.0,711.0,1004.0,1128.0,1436.0,884.0,797.0,1375.0,809.0,1432.0,311.0,840.0,1851.0,778.0,834.0,1031.0,1107.0,1184.0,1017.0
R5,3252.0,1676.0,2812.0,1734.0,12843.0,2642.0,2271.0,1857.0,1710.0,2066.0,2990.0,3308.0,3836.0,2379.0,1726.0,1676.0,2435.0,1973.0,1655.0,2693.0,2896.0,1784.0,2767.0,3145.0,2372.0,1459.0,2349.0,2373.0,2068.0,2729.0,2537.0,2173.0,3177.0,2382.0,2463.0,2223.0,1746.0,2980.0,1998.0,2555.0,2181.0,2839.0,2034.0,2823.0
R6,1723.0,457.0,1506.0,790.0,2642.0,6101.0,1048.0,894.0,760.0,904.0,1438.0,1664.0,2525.0,1611.0,958.0,738.0,1295.0,867.0,868.0,1021.0,2004.0,763.0,1170.0,1719.0,1403.0,282.0,633.0,1395.0,1095.0,1803.0,1129.0,843.0,1637.0,747.0,784.0,725.0,383.0,1478.0,720.0,857.0,802.0,791.0,632.0,1304.0
R7,1527.0,314.0,1495.0,561.0,2271.0,1048.0,6650.0,849.0,662.0,861.0,1489.0,2155.0,2365.0,1453.0,1092.0,1025.0,1483.0,805.0,593.0,1838.0,1525.0,1184.0,1351.0,1975.0,1548.0,409.0,1006.0,1259.0,874.0,1970.0,1583.0,1092.0,2110.0,832.0,993.0,721.0,676.0,1297.0,1050.0,1183.0,748.0,1416.0,1013.0,1499.0
R8,1421.0,136.0,1192.0,732.0,1857.0,894.0,849.0,5348.0,138.0,663.0,2389.0,1843.0,2251.0,1173.0,861.0,565.0,1344.0,539.0,514.0,1129.0,1526.0,544.0,1384.0,1457.0,1017.0,823.0,614.0,894.0,631.0,1820.0,926.0,799.0,1609.0,498.0,994.0,678.0,277.0,1251.0,488.0,1040.0,321.0,1190.0,527.0,986.0
R9,687.0,154.0,1562.0,318.0,1710.0,760.0,662.0,138.0,4623.0,757.0,874.0,1467.0,2179.0,838.0,524.0,556.0,1310.0,611.0,692.0,1037.0,1366.0,493.0,702.0,1638.0,1056.0,273.0,575.0,1057.0,619.0,1375.0,955.0,496.0,1265.0,640.0,790.0,502.0,595.0,1253.0,669.0,850.0,635.0,1195.0,380.0,769.0
R10,1696.0,744.0,1189.0,1054.0,2066.0,904.0,861.0,663.0,757.0,6681.0,1232.0,1730.0,2840.0,1683.0,919.0,776.0,1419.0,798.0,902.0,1606.0,1562.0,1029.0,1249.0,1872.0,1387.0,794.0,1127.0,1431.0,1192.0,1678.0,1097.0,1497.0,1892.0,1115.0,1119.0,324.0,476.0,1330.0,734.0,1482.0,1101.0,1596.0,1048.0,1477.0
R11,1942.0,998.0,2199.0,1342.0,2990.0,1438.0,1489.0,2389.0,874.0,1232.0,9568.0,3594.0,3356.0,1465.0,1447.0,1428.0,1721.0,1350.0,1108.0,2079.0,2430.0,1578.0,2139.0,2097.0,1647.0,1366.0,2157.0,1413.0,1956.0,2252.0,1472.0,1713.0,2243.0,1337.0,1694.0,1080.0,1421.0,1838.0,1501.0,1461.0,1431.0,2162.0,1749.0,1966.0
Y1,2673.0,1502.0,2267.0,1490.0,3308.0,1664.0,2155.0,1843.0,1467.0,1730.0,3594.0,11547.0,3673.0,2142.0,1264.0,1351.0,2534.0,2250.0,1474.0,3006.0,3090.0,1896.0,2219.0,2661.0,2369.0,1286.0,2324.0,2426.0,1742.0,2733.0,2051.0,1847.0,2352.0,2015.0,2321.0,1849.0,1713.0,2373.0,1555.0,1529.0,1457.0,2477.0,2415.0,2289.0
Y2,3595.0,2110.0,3584.0,2461.0,3836.0,2525.0,2365.0,2251.0,2179.0,2840.0,3356.0,3673.0,15689.0,3318.0,2371.0,2705.0,3947.0,2667.0,2468.0,3714.0,4122.0,3017.0,3232.0,3704.0,2815.0,2574.0,2875.0,3362.0,2475.0,3065.0,3424.0,2876.0,3151.0,2792.0,2702.0,2297.0,2008.0,3212.0,2402.0,2109.0,2408.0,3182.0,2669.0,3074.0
Y3,1897.0,1048.0,1711.0,1182.0,2379.0,1611.0,1453.0,1173.0,838.0,1683.0,1465.0,2142.0,3318.0,8757.0,1520.0,1152.0,2506.0,1180.0,1662.0,2234.0,2258.0,1217.0,1473.0,2072.0,1658.0,1363.0,1356.0,1740.0,1303.0,2229.0,1822.0,1611.0,2074.0,1435.0,1434.0,1143.0,1042.0,1777.0,1347.0,1312.0,1435.0,1780.0,1446.0,1575.0
Y4,1666.0,764.0,1593.0,853.0,1726.0,958.0,1092.0,861.0,524.0,919.0,1447.0,1264.0,2371.0,1520.0,6459.0,690.0,1629.0,1169.0,810.0,1515.0,1725.0,1049.0,1462.0,1950.0,1212.0,544.0,866.0,1615.0,1105.0,1522.0,994.0,1157.0,1750.0,1009.0,1000.0,551.0,819.0,1553.0,798.0,1062.0,1137.0,1316.0,734.0,1371.0
Y5,1241.0,647.0,1454.0,643.0,1676.0,738.0,1025.0,565.0,556.0,776.0,1428.0,1351.0,2705.0,1152.0,690.0,5388.0,1623.0,534.0,533.0,1345.0,1878.0,586.0,1064.0,1099.0,859.0,849.0,633.0,1242.0,721.0,1470.0,996.0,950.0,1302.0,650.0,1139.0,648.0,324.0,1292.0,451.0,645.0,618.0,1082.0,551.0,1373.0
Y6,1957.0,1464.0,2189.0,1480.0,2435.0,1295.0,1483.0,1344.0,1310.0,1419.0,1721.0,2534.0,3947.0,2506.0,1629.0,1623.0,9598.0,1221.0,944.0,2276.0,1961.0,1879.0,1757.0,2275.0,2083.0,1413.0,1634.0,1770.0,1649.0,2266.0,1813.0,1480.0,2347.0,1978.0,1353.0,1431.0,1295.0,2141.0,1226.0,1524.0,1308.0,1964.0,1373.0,2087.0
Y7,1216.0,260.0,1435.0,658.0,1973.0,867.0,805.0,539.0,611.0,798.0,1350.0,2250.0,2667.0,1180.0,1169.0,534.0,1221.0,5696.0,568.0,1542.0,1919.0,803.0,1076.0,1760.0,958.0,549.0,378.0,1029.0,811.0,1622.0,1012.0,1043.0,1646.0,711.0,840.0,746.0,386.0,1280.0,643.0,943.0,733.0,1309.0,768.0,960.0
Y8,941.0,506.0,1349.0,663.0,1655.0,868.0,593.0,514.0,692.0,902.0,1108.0,1474.0,2468.0,1662.0,810.0,533.0,944.0,568.0,5261.0,1501.0,1504.0,772.0,1304.0,1394.0,881.0,632.0,662.0,884.0,732.0,1345.0,1189.0,524.0,1461.0,712.0,821.0,629.0,434.0,1271.0,537.0,678.0,693.0,1307.0,780.0,1191.0
Y9,2137.0,1614.0,2215.0,1430.0,2693.0,1021.0,1838.0,1129.0,1037.0,1606.0,2079.0,3006.0,3714.0,2234.0,1515.0,1345.0,2276.0,1542.0,1501.0,10484.0,2841.0,1572.0,2210.0,2353.0,2204.0,1565.0,1734.0,2192.0,2104.0,2346.0,1928.0,1930.0,2596.0,1787.0,2006.0,1635.0,1340.0,2044.0,1634.0,1800.0,1855.0,2002.0,1808.0,2454.0
Y10,2142.0,1689.0,2148.0,1931.0,2896.0,2004.0,1525.0,1526.0,1366.0,1562.0,2430.0,3090.0,4122.0,2258.0,1725.0,1878.0,1961.0,1919.0,1504.0,2841.0,11076.0,1824.0,2762.0,2432.0,2140.0,1577.0,1934.0,2494.0,1764.0,2679.0,1962.0,1774.0,2318.0,1827.0,1937.0,1339.0,1502.0,2273.0,1983.0,1607.0,1462.0,2346.0,1666.0,2489.0
Y11,1243.0,474.0,1374.0,777.0,1784.0,763.0,1184.0,544.0,493.0,1029.0,1578.0,1896.0,3017.0,1217.0,1049.0,586.0,1879.0,803.0,772.0,1572.0,1824.0,6429.0,1241.0,1968.0,1041.0,909.0,803.0,1946.0,988.0,1569.0,1152.0,1054.0,1611.0,1211.0,1052.0,608.0,659.0,1612.0,722.0,815.0,1338.0,1128.0,949.0,1198.0
G1,2406.0,1042.0,1626.0,1263.0,2767.0,1170.0,1351.0,1384.0,702.0,1249.0,2139.0,2219.0,3232.0,1473.0,1462.0,1064.0,1757.0,1076.0,1304.0,2210.0,2762.0,1241.0,9032.0,3040.0,2062.0,1248.0,1825.0,1168.0,1377.0,2725.0,1564.0,1479.0,2169.0,1350.0,1648.0,1371.0,1452.0,1914.0,1152.0,1352.0,1538.0,2077.0,1250.0,1596.0
G2,2836.0,1366.0,2181.0,1460.0,3145.0,1719.0,1975.0,1457.0,1638.0,1872.0,2097.0,2661.0,3704.0,2072.0,1950.0,1099.0,2275.0,1760.0,1394.0,2353.0,2432.0,1968.0,3040.0,11152.0,2619.0,1556.0,2249.0,2426.0,2162.0,2643.0,2439.0,2110.0,2915.0,1518.0,1806.0,1229.0,1316.0,2247.0,1782.0,2026.0,1433.0,2384.0,1733.0,2169.0
G3,2288.0,868.0,1578.0,708.0,2372.0,1403.0,1548.0,1017.0,1056.0,1387.0,1647.0,2369.0,2815.0,1658.0,1212.0,859.0,2083.0,958.0,881.0,2204.0,2140.0,1041.0,2062.0,2619.0,8353.0,1264.0,1710.0,2215.0,1411.0,1842.0,1540.0,1279.0,2336.0,1517.0,1326.0,1196.0,764.0,1588.0,1028.0,926.0,1055.0,1817.0,1561.0,1676.0
G4,1438.0,285.0,1094.0,746.0,1459.0,282.0,409.0,823.0,273.0,794.0,1366.0,1286.0,2574.0,1363.0,544.0,849.0,1413.0,549.0,632.0,1565.0,1577.0,909.0,1248.0,1556.0,1264.0,5370.0,331.0,1065.0,576.0,1642.0,1233.0,821.0,1894.0,798.0,1231.0,476.0,867.0,1320.0,662.0,802.0,648.0,1008.0,231.0,1057.0
G5,1655.0,205.0,1640.0,711.0,2349.0,633.0,1006.0,614.0,575.0,1127.0,2157.0,2324.0,2875.0,1356.0,866.0,633.0,1634.0,378.0,662.0,1734.0,1934.0,803.0,1825.0,2249.0,1710.0,331.0,6892.0,1356.0,1187.0,2082.0,800.0,1122.0,2322.0,953.0,1264.0,686.0,841.0,1722.0,1026.0,824.0,948.0,1685.0,1085.0,1247.0
G6,2160.0,878.0,2055.0,1004.0,2373.0,1395.0,1259.0,894.0,1057.0,1431.0,1413.0,2426.0,3362.0,1740.0,1615.0,1242.0,1770.0,1029.0,884.0,2192.0,2494.0,1946.0,1168.0,2426.0,2215.0,1065.0,1356.0,8801.0,1630.0,2108.0,1642.0,1216.0,2965.0,1564.0,1516.0,1060.0,1218.0,2159.0,1155.0,1555.0,1390.0,1606.0,970.0,1805.0
G7,1565.0,967.0,1409.0,1128.0,2068.0,1095.0,874.0,631.0,619.0,1192.0,1956.0,1742.0,2475.0,1303.0,1105.0,721.0,1649.0,811.0,732.0,2104.0,1764.0,988.0,1377.0,2162.0,1411.0,576.0,1187.0,1630.0,7061.0,1665.0,1787.0,1215.0,2206.0,1068.0,1218.0,784.0,683.0,1495.0,574.0,1591.0,1327.0,1415.0,1008.0,1211.0
G8,2479.0,1131.0,2380.0,1436.0,2729.0,1803.0,1970.0,1820.0,1375.0,1678.0,2252.0,2733.0,3065.0,2229.0,1522.0,1470.0,2266.0,1622.0,1345.0,2346.0,2679.0,1569.0,2725.0,2643.0,1842.0,1642.0,2082.0,2108.0,1665.0,10663.0,2327.0,1716.0,3141.0,1477.0,1827.0,1504.0,1354.0,2721.0,1621.0,1785.0,1467.0,2156.0,1582.0,2020.0
G9,1628.0,798.0,1738.0,884.0,2537.0,1129.0,1583.0,926.0,955.0,1097.0,1472.0,2051.0,3424.0,1822.0,994.0,996.0,1813.0,1012.0,1189.0,1928.0,1962.0,1152.0,1564.0,2439.0,1540.0,1233.0,800.0,1642.0,1787.0,2327.0,8180.0,1709.0,1774.0,1446.0,1401.0,1180.0,1308.0,1344.0,1271.0,1329.0,1213.0,1612.0,1828.0,1603.0
G10,1690.0,791.0,1397.0,797.0,2173.0,843.0,1092.0,799.0,496.0,1497.0,1713.0,1847.0,2876.0,1611.0,1157.0,950.0,1480.0,1043.0,524.0,1930.0,1774.0,1054.0,1479.0,2110.0,1279.0,821.0,1122.0,1216.0,1215.0,1716.0,1709.0,6889.0,1876.0,821.0,1197.0,902.0,1010.0,1512.0,723.0,944.0,827.0,1388.0,547.0,1164.0
G11,2020.0,1285.0,2025.0,1375.0,3177.0,1637.0,2110.0,1609.0,1265.0,1892.0,2243.0,2352.0,3151.0,2074.0,1750.0,1302.0,2347.0,1646.0,1461.0,2596.0,2318.0,1611.0,2169.0,2915.0,2336.0,1894.0,2322.0,2965.0,2206.0,3141.0,1774.0,1876.0,10617.0,1636.0,1009.0,1856.0,1245.0,1967.0,1438.0,1741.0,1616.0,2040.0,1505.0,2039.0
B1,1467.0,804.0,1443.0,809.0,2382.0,747.0,832.0,498.0,640.0,1115.0,1337.0,2015.0,2792.0,1435.0,1009.0,650.0,1978.0,711.0,712.0,1787.0,1827.0,1211.0,1350.0,1518.0,1517.0,798.0,953.0,1564.0,1068.0,1477.0,1446.0,821.0,1636.0,6562.0,898.0,777.0,687.0,1491.0,648.0,1034.0,809.0,1828.0,875.0,1100.0
B2,1554.0,649.0,1613.0,1432.0,2463.0,784.0,993.0,994.0,790.0,1119.0,1694.0,2321.0,2702.0,1434.0,1000.0,1139.0,1353.0,840.0,821.0,2006.0,1937.0,1052.0,1648.0,1806.0,1326.0,1231.0,1264.0,1516.0,1218.0,1827.0,1401.0,1197.0,1009.0,898.0,7206.0,1053.0,812.0,1779.0,966.0,848.0,1186.0,1577.0,634.0,1762.0
B3,1355.0,376.0,1177.0,311.0,2223.0,725.0,721.0,678.0,502.0,324.0,1080.0,1849.0,2297.0,1143.0,551.0,648.0,1431.0,746.0,629.0,1635.0,1339.0,608.0,1371.0,1229.0,1196.0,476.0,686.0,1060.0,784.0,1504.0,1180.0,902.0,1856.0,777.0,1053.0,5432.0,689.0,1437.0,463.0,537.0,621.0,1511.0,687.0,1089.0
B4,1050.0,452.0,1185.0,840.0,1746.0,383.0,676.0,277.0,595.0,476.0,1421.0,1713.0,2008.0,1042.0,819.0,324.0,1295.0,386.0,434.0,1340.0,1502.0,659.0,1452.0,1316.0,764.0,867.0,841.0,1218.0,683.0,1354.0,1308.0,1010.0,1245.0,687.0,812.0,689.0,5124.0,1397.0,361.0,740.0,617.0,1432.0,564.0,1012.0
B5,2360.0,785.0,2073.0,1851.0,2980.0,1478.0,1297.0,1251.0,1253.0,1330.0,1838.0,2373.0,3212.0,1777.0,1553.0,1292.0,2141.0,1280.0,1271.0,2044.0,2273.0,1612.0,1914.0,2247.0,1588.0,1320.0,1722.0,2159.0,1495.0,2721.0,1344.0,1512.0,1967.0,1491.0,1779.0,1437.0,1397.0,9511.0,1662.0,1825.0,1716.0,2149.0,1718.0,1601.0
B6,1133.0,434.0,1615.0,778.0,1998.0,720.0,1050.0,488.0,669.0,734.0,1501.0,1555.0,2402.0,1347.0,798.0,451.0,1226.0,643.0,537.0,1634.0,1983.0,722.0,1152.0,1782.0,1028.0,662.0,1026.0,1155.0,574.0,1621.0,1271.0,723.0,1438.0,648.0,966.0,463.0,361.0,1662.0,5654.0,902.0,692.0,1252.0,558.0,878.0
B7,1411.0,747.0,1616.0,834.0,2555.0,857.0,1183.0,1040.0,850.0,1482.0,1461.0,1529.0,2109.0,1312.0,1062.0,645.0,1524.0,943.0,678.0,1800.0,1607.0,815.0,1352.0,2026.0,926.0,802.0,824.0,1555.0,1591.0,1785.0,1329.0,944.0,1741.0,1034.0,848.0,537.0,740.0,1825.0,902.0,6706.0,994.0,1465.0,1023.0,1345.0
B8,1579.0,543.0,1472.0,1031.0,2181.0,802.0,748.0,321.0,635.0,1101.0,1431.0,1457.0,2408.0,1435.0,1137.0,618.0,1308.0,733.0,693.0,1855.0,1462.0,1338.0,1538.0,1433.0,1055.0,648.0,948.0,1390.0,1327.0,1467.0,1213.0,827.0,1616.0,809.0,1186.0,621.0,617.0,1716.0,692.0,994.0,6190.0,1289.0,774.0,1072.0
B9,2133.0,1036.0,1868.0,1107.0,2839.0,791.0,1416.0,1190.0,1195.0,1596.0,2162.0,2477.0,3182.0,1780.0,1316.0,1082.0,1964.0,1309.0,1307.0,2002.0,2346.0,1128.0,2077.0,2384.0,1817.0,1008.0,1685.0,1606.0,1415.0,2156.0,1612.0,1388.0,2040.0,1828.0,1577.0,1511.0,1432.0,2149.0,1252.0,1465.0,1289.0,9085.0,1909.0,1854.0
B10,1067.0,343.0,1442.0,1184.0,2034.0,632.0,1013.0,527.0,380.0,1048.0,1749.0,2415.0,2669.0,1446.0,734.0,551.0,1373.0,768.0,780.0,1808.0,1666.0,949.0,1250.0,1733.0,1561.0,231.0,1085.0,970.0,1008.0,1582.0,1828.0,547.0,1505.0,875.0,634.0,687.0,564.0,1718.0,558.0,1023.0,774.0,1909.0,6292.0,1716.0
B11,1413.0,782.0,1639.0,1017.0,2823.0,1304.0,1499.0,986.0,769.0,1477.0,1966.0,2289.0,3074.0,1575.0,1371.0,1373.0,2087.0,960.0,1191.0,2454.0,2489.0,1198.0,1596.0,2169.0,1676.0,1057.0,1247.0,1805.0,1211.0,2020.0,1603.0,1164.0,2039.0,1100.0,1762.0,1089.0,1012.0,1601.0,878.0,1345.0,1072.0,1854.0,1716.0,8344.0
