Unnamed: 0,R1,R2,R3,R4,R5,R6,R7,R8,R9,R10,R11,Y1,Y2,Y3,Y4,Y5,Y6,Y7,Y8,Y9,Y10,Y11,G1,G2,G3,G4,G5,G6,G7,G8,G9,G10,G11,B1,B2,B3,B4,B5,B6,B7,B8,B9,B10,B11
R1,1.3268858800773695,-1.0816326530612246,4.595505617977528,-0.896551724137931,5.064220183486238,-1.2916666666666667,0.2,-0.5288461538461539,-0.7567567567567568,0.5357142857142857,1.8863636363636365,5.114285714285714,11.884210526315789,3.6176470588235294,-2.169642857142857,-1.392156862745098,0.6483516483516484,-1.108695652173913,-2.134831460674157,1.3846153846153846,3.125,0.532608695652174,1.5384615384615385,7.792079207920792,2.4489795918367347,-4.304347826086956,-2.142857142857143,6.719512195121951,0.6777777777777778,5.671052631578948,4.652631578947369,3.0,2.4946236559139785,-0.8111111111111111,0.5,-0.9523809523809523,-0.5684210526315789,-0.1262135922330097,-1.6063829787234043,2.6344086021505375,1.8617021276595744,0.719626168224299,-0.875,1.0566037735849056
R2,-1.0816326530612246,-1.429889298892989,1.675,-2.2371134020618557,4.127450980392157,-3.043010752688172,-1.3020833333333333,-3.853211009174312,-5.978947368421053,-2.7211538461538463,0.08421052631578947,3.392857142857143,8.819148936170214,0.40384615384615385,-3.6724137931034484,-1.6666666666666667,-2.674698795180723,-4.945945945945946,-4.891089108910891,-0.45217391304347826,-1.2164948453608246,-1.7522935779816513,-1.651376146788991,2.353448275862069,-1.859504132231405,-1.6914893617021276,-3.7176470588235295,1.926605504587156,-3.752688172043011,1.7525773195876289,-2.707070707070707,-1.6363636363636365,2.778947368421053,-2.830188679245283,-2.6666666666666665,-4.813559322033898,-3.6344086021505375,-0.7192982456140351,-5.160919540229885,-3.308411214953271,-2.963636363636364,-0.29245283018867924,-4.34065934065934,-0.92
R3,4.595505617977528,1.675,2.458866544789762,3.6363636363636362,5.814159292035399,-1.320754716981132,-0.44047619047619047,2.3118279569892475,0.956140350877193,1.597938144329897,4.4,4.360655737704918,9.482456140350877,4.03030303030303,-1.5333333333333334,1.32,2.1604938271604937,-0.8118811881188119,0.30434782608695654,2.689655172413793,4.73394495412844,4.428571428571429,3.4,8.311111111111112,2.2872340425531914,0.963963963963964,1.0098039215686274,5.160377358490566,0.9278350515463918,4.593406593406593,4.310679611650485,1.7058823529411764,5.679245283018868,-2.990990990990991,4.05,2.1271186440677967,-2.6538461538461537,2.0,-1.3157894736842106,0.6261682242990654,2.5754716981132075,5.762376237623762,2.1339285714285716,-0.21428571428571427
R4,-0.896551724137931,-2.2371134020618557,3.6363636363636362,-0.714548802946593,3.307017543859649,-2.3173076923076925,-2.606741573033708,-4.36734693877551,-2.8333333333333335,-3.0792079207920793,2.1454545454545455,4.19,5.401869158878505,1.9113924050632911,-2.5348837209302326,-4.666666666666667,0.10679611650485436,-2.3873873873873874,-3.227272727272727,0.7916666666666666,1.673913043478261,-0.3177570093457944,-0.5486725663716814,2.4,-1.1226415094339623,-3.1333333333333333,-1.0918367346938775,1.1538461538461537,-1.1523809523809523,2.956043956043956,0.5287356321839081,-2.8155339805825244,0.4642857142857143,-4.186915887850467,-2.878260869565217,-2.871287128712871,-1.5196078431372548,-0.53125,-4.257425742574258,-0.20930232558139536,-1.6228070175438596,-0.6728971962616822,-0.39622641509433965,-1.4631578947368422
R5,5.064220183486238,4.127450980392157,5.814159292035399,3.307017543859649,4.655058043117744,5.074766355140187,3.5739130434782607,0.5,-1.2323232323232323,2.648,4.86,6.8,12.225225225225225,5.829059829059829,5.4,3.063063063063063,5.585858585858586,0.13559322033898305,1.7830188679245282,6.731481481481482,6.5,3.4186046511627906,7.983333333333333,11.223300970873787,5.306306306306307,1.9263157894736842,5.661016949152542,5.095652173913043,2.732142857142857,7.862068965517241,5.487179487179487,5.779816513761468,7.961538461538462,2.596638655462185,4.37984496124031,2.675213675213675,1.0982142857142858,5.982905982905983,2.398230088495575,9.714285714285714,2.1923076923076925,4.954128440366972,1.9243697478991597,4.198347107438017
R6,-1.2916666666666667,-3.043010752688172,-1.320754716981132,-2.3173076923076925,5.074766355140187,-0.6371841155234657,-0.36363636363636365,-1.9306930693069306,-3.0875,-0.42857142857142855,-0.3867924528301887,3.857142857142857,9.2,0.3523809523809524,-4.795698924731183,-2.6565656565656566,1.3789473684210527,-1.4272727272727272,-3.326923076923077,1.4907407407407407,1.0782608695652174,-2.891304347826087,-1.7407407407407407,2.6923076923076925,1.392156862745098,-3.247787610619469,0.6782608695652174,0.1792452830188679,-1.3083333333333333,0.5164835164835165,2.381443298969072,-2.0625,1.6635514018691588,-4.816326530612245,-0.37623762376237624,-3.413793103448276,-4.372340425531915,-3.4574468085106385,-4.094117647058823,2.644230769230769,-2.9017857142857144,-0.29473684210526313,-3.128205128205128,0.5405405405405406
R7,0.2,-1.3020833333333333,-0.44047619047619047,-2.606741573033708,3.5739130434782607,-0.36363636363636365,-0.9487666034155597,-3.606060606060606,-6.446808510638298,-1.54,0.0449438202247191,2.2363636363636363,5.184782608695652,0.25252525252525254,-2.5,-2.0476190476190474,0.42857142857142855,-3.0285714285714285,-1.3870967741935485,-1.2058823529411764,0.7244897959183674,-1.2142857142857142,-0.10526315789473684,4.806818181818182,-0.2702702702702703,-3.3653846153846154,-3.7788461538461537,1.2528735632183907,0.3125,2.7529411764705882,0.5514018691588785,-2.146788990825688,2.7875,-4.5,-3.21,-3.696969696969697,-4.108695652173913,0.3644859813084112,-2.5813953488372094,-1.8878504672897196,-3.7941176470588234,-1.956043956043956,-1.1454545454545455,-0.8160919540229885
R8,-0.5288461538461539,-3.853211009174312,2.3118279569892475,-4.36734693877551,0.5,-1.9306930693069306,-3.606060606060606,-1.5936920222634507,-4.978021978021978,-2.323529411764706,1.0947368421052632,0.26881720430107525,5.367924528301887,-0.8333333333333334,-3.8350515463917527,-5.25,-2.3555555555555556,-4.186813186813187,-4.178947368421053,-0.6306306306306306,-0.6395348837209303,-1.6091954022988506,0.32653061224489793,4.488888888888889,-0.10084033613445378,-2.9523809523809526,-1.7142857142857142,-1.4285714285714286,-2.827272727272727,3.21,1.3295454545454546,-1.625,1.57,-4.435294117647059,-3.71,-3.7904761904761903,-5.722222222222222,-1.619047619047619,-2.9615384615384617,-1.1203703703703705,-2.234234234234234,-3.0377358490566038,-4.17948717948718,-0.5869565217391305
R9,-0.7567567567567568,-5.978947368421053,0.956140350877193,-2.8333333333333335,-1.2323232323232323,-3.0875,-6.446808510638298,-4.978021978021978,-2.9292543021032507,-1.8529411764705883,-2.8796296296296298,-0.8543689320388349,4.27,-2.127906976744186,-6.2967032967032965,-4.329411764705882,-0.047619047619047616,-3.7184466019417477,-6.108910891089109,-2.380952380952381,-0.48314606741573035,-3.376146788990826,-1.1545454545454545,1.1758241758241759,-3.4051724137931036,-3.3295454545454546,-3.109090909090909,-4.061224489795919,-3.415929203539823,-0.3194444444444444,-2.0842105263157893,-3.44954128440367,0.9509803921568627,-4.87,-4.625,-4.009090909090909,-4.201834862385321,-0.8936170212765957,-6.1875,-4.337209302325581,-6.362637362637362,-3.4742268041237114,-4.316326530612245,-5.712765957446808
R10,0.5357142857142857,-2.7211538461538463,1.597938144329897,-3.0792079207920793,2.648,-0.42857142857142855,-1.54,-2.323529411764706,-1.8529411764705883,-0.488245931283906,-2.10989010989011,2.990566037735849,7.431372549019608,0.12037037037037036,-5.03960396039604,-2.435483870967742,-1.3695652173913044,-1.9270833333333333,-1.1585365853658536,-0.3252032520325203,1.4324324324324325,1.0204081632653061,0.4260869565217391,5.036363636363636,0.6697247706422018,-6.234567901234568,-0.2872340425531915,2.118181818181818,-3.142857142857143,2.795698924731183,1.5,-0.36752136752136755,1.072072072072072,-4.083333333333333,-3.439252336448598,-1.945945945945946,-4.6923076923076925,0.391304347826087,-4.099009900990099,1.1538461538461537,-1.6458333333333333,2.610526315789474,-1.3303571428571428,-1.0
R11,1.8863636363636365,0.08421052631578947,4.4,2.1454545454545455,4.86,-0.3867924528301887,0.0449438202247191,1.0947368421052632,-2.8796296296296298,-2.10989010989011,1.0900735294117647,10.576086956521738,7.333333333333333,3.8349514563106797,1.5816326530612246,-2.5172413793103448,1.2210526315789474,0.8969072164948454,-1.2765957446808511,1.162162162162162,2.458715596330275,-1.9230769230769231,1.0388349514563107,6.75,-1.290909090909091,-1.798165137614679,2.0631578947368423,0.8415841584158416,0.3333333333333333,2.3875,1.030612244897959,1.3571428571428572,4.731958762886598,-2.1363636363636362,1.0679611650485437,-2.7169811320754715,-0.5876288659793815,1.0612244897959184,-2.108695652173913,1.3980582524271845,-0.5495495495495496,1.5809523809523809,0.6585365853658537,0.375
Y1,5.114285714285714,3.392857142857143,4.360655737704918,4.19,6.8,3.857142857142857,2.2363636363636363,0.26881720430107525,-0.8543689320388349,2.990566037735849,10.576086956521738,3.1517241379310343,12.818965517241379,4.036697247706422,0.8981481481481481,1.8785046728971964,5.453608247422681,-0.7474747474747475,-0.21296296296296297,3.52991452991453,6.104166666666667,-0.24761904761904763,2.485981308411215,9.715789473684211,6.304347826086956,-0.06422018348623854,2.7844827586206895,5.5,-0.24545454545454545,5.70873786407767,3.855855855855856,-0.15789473684210525,4.355769230769231,0.3644067796610169,1.4778761061946903,0.5928571428571429,0.17647058823529413,2.8876404494382024,0.3853211009174312,2.457627118644068,2.1881188118811883,5.587155963302752,1.9047619047619047,1.9902912621359223
Y2,11.884210526315789,8.819148936170214,9.482456140350877,5.401869158878505,12.225225225225225,9.2,5.184782608695652,5.367924528301887,4.27,7.431372549019608,7.333333333333333,12.818965517241379,7.717584369449378,10.222222222222221,6.559633027522936,4.598039215686274,10.47191011235955,6.020618556701031,5.436893203883495,9.866666666666667,10.019417475728156,6.622641509433962,7.605769230769231,13.831932773109244,7.586776859504132,2.9591836734693877,5.459183673469388,10.419642857142858,6.76530612244898,13.180722891566266,10.63963963963964,9.406593406593407,6.7657657657657655,4.715686274509804,5.017699115044247,6.114754098360656,3.9183673469387754,9.395833333333334,5.822916666666667,6.589743589743589,5.76,7.45045045045045,4.900900900900901,7.736363636363636
Y3,3.6176470588235294,0.40384615384615385,4.03030303030303,1.9113924050632911,5.829059829059829,0.3523809523809524,0.25252525252525254,-0.8333333333333334,-2.127906976744186,0.12037037037037036,3.8349514563106797,4.036697247706422,10.222222222222221,2.160148975791434,-0.17894736842105263,0.15625,4.398230088495575,1.2190476190476192,-1.075,2.239130434782609,6.346938775510204,1.2772277227722773,0.3434343434343434,6.171428571428572,3.2710280373831777,0.12244897959183673,-0.18181818181818182,2.101010101010101,2.642857142857143,6.046728971962617,5.052631578947368,2.8514851485148514,2.208695652173913,-0.9,0.5760869565217391,1.9705882352941178,-1.613861386138614,2.5728155339805827,-0.64,-0.9,4.398148148148148,3.865168539325843,1.6105263157894736,2.2264150943396226
Y4,-2.169642857142857,-3.6724137931034484,-1.5333333333333334,-2.5348837209302326,5.4,-4.795698924731183,-2.5,-3.8350515463917527,-6.2967032967032965,-5.03960396039604,1.5816326530612246,0.8981481481481481,6.559633027522936,-0.17894736842105263,-1.8327402135231317,-2.4123711340206184,-1.0,-3.638095238095238,-4.509803921568627,-1.1639344262295082,-2.5,-2.405940594059406,-0.5798319327731093,3.9545454545454546,-2.3106796116504853,-3.4,-2.963302752293578,1.0689655172413792,-1.3434343434343434,0.9320388349514563,0.6559139784946236,-1.6412213740458015,-0.3247863247863248,-4.921052631578948,-4.96969696969697,-1.4408602150537635,-5.716981132075472,-0.9473684210526315,-4.659574468085107,-2.4358974358974357,-1.8409090909090908,-6.28,-4.1923076923076925,-2.359375
Y5,-1.392156862745098,-1.6666666666666667,1.32,-4.666666666666667,3.063063063063063,-2.6565656565656566,-2.0476190476190474,-5.25,-4.329411764705882,-2.435483870967742,-2.5172413793103448,1.8785046728971964,4.598039215686274,0.15625,-2.4123711340206184,-1.8375,-3.3333333333333335,-2.918181818181818,-4.21875,-2.9894736842105263,-1.2962962962962963,-2.05,-2.89,1.3173076923076923,-1.8415841584158417,-3.6576576576576576,-2.04040404040404,0.1111111111111111,-3.7758620689655173,2.5652173913043477,-1.6636363636363636,-1.880952380952381,1.7608695652173914,-2.8349514563106797,-4.12962962962963,-3.295918367346939,-4.582417582417582,-2.386138613861386,-3.089108910891089,-0.15454545454545454,-1.438095238095238,-2.1121495327102804,-4.793388429752066,-3.876190476190476
Y6,0.6483516483516484,-2.674698795180723,2.1604938271604937,0.10679611650485436,5.585858585858586,1.3789473684210527,0.42857142857142855,-2.3555555555555556,-0.047619047619047616,-1.3695652173913044,1.2210526315789474,5.453608247422681,10.47191011235955,4.398230088495575,-1.0,-3.3333333333333335,1.4656188605108056,1.3505154639175259,0.10344827586206896,1.6391752577319587,2.2941176470588234,2.359550561797753,2.2916666666666665,3.881720430107527,-0.3333333333333333,-2.4285714285714284,1.5,1.8712871287128714,0.5212765957446809,6.178217821782178,3.164705882352941,2.7547169811320753,2.4158415841584158,0.31683168316831684,2.4239130434782608,-1.9555555555555555,-0.67,0.9880952380952381,1.367816091954023,3.2906976744186047,0.45535714285714285,3.1491228070175437,-1.0784313725490196,1.981818181818182
Y7,-1.108695652173913,-4.945945945945946,-0.8118811881188119,-2.3873873873873874,0.13559322033898305,-1.4272727272727272,-3.0285714285714285,-4.186813186813187,-3.7184466019417477,-1.9270833333333333,0.8969072164948454,-0.7474747474747475,6.020618556701031,1.2190476190476192,-3.638095238095238,-2.918181818181818,1.3505154639175259,-1.6021699819168174,-3.526315789473684,-2.2427184466019416,0.030303030303030304,-0.6979166666666666,-2.742574257425743,3.3884297520661155,-1.8235294117647058,-4.011904761904762,-1.7102803738317758,-0.6808510638297872,-2.2718446601941746,1.9056603773584906,1.3944954128440368,-1.2063492063492063,1.1428571428571428,-4.08080808080808,-4.1826923076923075,-2.4871794871794872,-7.117647058823529,-1.5980392156862746,-3.219047619047619,-1.6703296703296704,-4.583333333333333,-2.081081081081081,-4.115702479338843,-1.3863636363636365
Y8,-2.134831460674157,-4.891089108910891,0.30434782608695654,-3.227272727272727,1.7830188679245282,-3.326923076923077,-1.3870967741935485,-4.178947368421053,-6.108910891089109,-1.1585365853658536,-1.2765957446808511,-0.21296296296296297,5.436893203883495,-1.075,-4.509803921568627,-4.21875,0.10344827586206896,-3.526315789473684,-2.314779270633397,-1.1111111111111112,-1.9175257731958764,-0.32989690721649484,-0.625,2.340659340659341,-4.019417475728155,-5.864583333333333,-5.043478260869565,-1.3888888888888888,-2.875,1.0112359550561798,-1.7281553398058251,-2.6633663366336635,-0.17894736842105263,-5.389380530973451,-3.3333333333333335,-5.18,-4.329545454545454,-0.2553191489361702,-5.790697674418604,-1.4660194174757282,-4.604166666666667,-3.58,-4.764044943820225,-2.5408163265306123
Y9,1.3846153846153846,-0.45217391304347826,2.689655172413793,0.7916666666666666,6.731481481481482,1.4907407407407407,-1.2058823529411764,-0.6306306306306306,-2.380952380952381,-0.3252032520325203,1.162162162162162,3.52991452991453,9.866666666666667,2.239130434782609,-1.1639344262295082,-2.9894736842105263,1.6391752577319587,-2.2427184466019416,-1.1111111111111112,1.3372681281618888,2.1885245901639343,5.972477064220183,0.75,6.4766355140186915,2.418032786885246,-3.2735849056603774,0.5089285714285714,2.305084745762712,2.6774193548387095,4.377777777777778,4.287234042553192,-1.0901639344262295,1.158878504672897,-0.48717948717948717,-0.3,0.05504587155963303,-0.45454545454545453,2.2882882882882885,-1.5740740740740742,2.658119658119658,1.2549019607843137,3.642857142857143,0.4036697247706422,1.7927927927927927
Y10,3.125,-1.2164948453608246,4.73394495412844,1.673913043478261,6.5,1.0782608695652174,0.7244897959183674,-0.6395348837209303,-0.48314606741573035,1.4324324324324325,2.458715596330275,6.104166666666667,10.019417475728156,6.346938775510204,-2.5,-1.2962962962962963,2.2941176470588234,0.030303030303030304,-1.9175257731958764,2.1885245901639343,1.6859205776173285,0.08888888888888889,1.457142857142857,7.267857142857143,2.324561403508772,-0.03,0.2727272727272727,2.265957446808511,0.4803921568627451,6.424242424242424,2.8584070796460175,0.5882352941176471,4.788888888888889,1.897196261682243,0.2857142857142857,-1.0168067226890756,-4.30188679245283,-0.10989010989010989,0.28888888888888886,2.310344827586207,-0.17592592592592593,2.9158878504672896,0.17355371900826447,-0.6326530612244898
Y11,0.532608695652174,-1.7522935779816513,4.428571428571429,-0.3177570093457944,3.4186046511627906,-2.891304347826087,-1.2142857142857142,-1.6091954022988506,-3.376146788990826,1.0204081632653061,-1.9230769230769231,-0.24761904761904763,6.622641509433962,1.2772277227722773,-2.405940594059406,-2.05,2.359550561797753,-0.6979166666666666,-0.32989690721649484,5.972477064220183,0.08888888888888889,0.32608695652173914,0.7966101694915254,6.401960784313726,1.0636363636363637,-3.94,0.875,1.8205128205128205,-0.6442307692307693,5.158878504672897,-0.1956521739130435,-0.043859649122807015,3.482142857142857,-2.3689320388349513,-0.43478260869565216,-3.259259259259259,-2.4183673469387754,1.8452380952380953,-3.888888888888889,1.1926605504587156,-3.3047619047619046,0.9907407407407407,2.217821782178218,-0.3557692307692308
G1,1.5384615384615385,-1.651376146788991,3.4,-0.5486725663716814,7.983333333333333,-1.7407407407407407,-0.10526315789473684,0.32653061224489793,-1.1545454545454545,0.4260869565217391,1.0388349514563107,2.485981308411215,7.605769230769231,0.3434343434343434,-0.5798319327731093,-2.89,2.2916666666666665,-2.742574257425743,-0.625,0.75,1.457142857142857,0.7966101694915254,0.8864864864864865,6.907563025210084,1.0520833333333333,-2.865979381443299,0.47474747474747475,2.7264150943396226,1.125,5.505050505050505,3.2688172043010755,-1.036697247706422,4.130434782608695,-1.8421052631578947,-3.2782608695652176,-0.7786885245901639,-2.4352941176470586,2.3333333333333335,-0.8229166666666666,3.3454545454545452,-1.0740740740740742,2.1666666666666665,-1.57,1.7411764705882353
G2,7.792079207920792,2.353448275862069,8.311111111111112,2.4,11.223300970873787,2.6923076923076925,4.806818181818182,4.488888888888889,1.1758241758241759,5.036363636363636,6.75,9.715789473684211,13.831932773109244,6.171428571428572,3.9545454545454546,1.3173076923076923,3.881720430107527,3.3884297520661155,2.340659340659341,6.4766355140186915,7.267857142857143,6.401960784313726,6.907563025210084,5.390909090909091,7.60377358490566,5.644444444444445,5.89622641509434,6.73394495412844,4.980769230769231,8.8,6.670329670329671,4.426229508196721,8.740384615384615,2.8333333333333335,4.407766990291262,3.1650485436893203,0.9175257731958762,7.75,2.3535353535353534,7.978260869565218,3.3173076923076925,3.8135593220338984,4.020618556701031,2.688679245283019
G3,2.4489795918367347,-1.859504132231405,2.2872340425531914,-1.1226415094339623,5.306306306306307,1.392156862745098,-0.2702702702702703,-0.10084033613445378,-3.4051724137931036,0.6697247706422018,-1.290909090909091,6.304347826086956,7.586776859504132,3.2710280373831777,-2.3106796116504853,-1.8415841584158417,-0.3333333333333333,-1.8235294117647058,-4.019417475728155,2.418032786885246,2.324561403508772,1.0636363636363637,1.0520833333333333,7.60377358490566,0.55,-0.13043478260869565,-0.3113207547169811,2.2589285714285716,0.5217391304347826,2.0412371134020617,3.439252336448598,-1.6694915254237288,1.2519685039370079,-2.6391752577319587,-0.6146788990825688,-0.3007518796992481,-3.0693069306930694,1.2574257425742574,-3.1683168316831685,-0.31092436974789917,-0.1651376146788991,0.226890756302521,-1.3247863247863247,-0.44086021505376344
G4,-4.304347826086956,-1.6914893617021276,0.963963963963964,-3.1333333333333333,1.9263157894736842,-3.247787610619469,-3.3653846153846154,-2.9523809523809526,-3.3295454545454546,-6.234567901234568,-1.798165137614679,-0.06422018348623854,2.9591836734693877,0.12244897959183673,-3.4,-3.6576576576576576,-2.4285714285714284,-4.011904761904762,-5.864583333333333,-3.2735849056603774,-0.03,-3.94,-2.865979381443299,5.644444444444445,-0.13043478260869565,-2.5436893203883497,-4.23469387755102,-1.7647058823529411,-2.9313725490196076,-1.9534883720930232,-0.2765957446808511,-3.8823529411764706,-1.4893617021276595,-6.201923076923077,-7.76595744680851,-4.265486725663717,-6.2682926829268295,-2.844155844155844,-3.880434782608696,-2.241758241758242,-3.7222222222222223,-4.409090909090909,-2.9368421052631577,-1.4680851063829787
G5,-2.142857142857143,-3.7176470588235295,1.0098039215686274,-1.0918367346938775,5.661016949152542,0.6782608695652174,-3.7788461538461537,-1.7142857142857142,-3.109090909090909,-0.2872340425531915,2.0631578947368423,2.7844827586206895,5.459183673469388,-0.18181818181818182,-2.963302752293578,-2.04040404040404,1.5,-1.7102803738317758,-5.043478260869565,0.5089285714285714,0.2727272727272727,0.875,0.47474747474747475,5.89622641509434,-0.3113207547169811,-4.23469387755102,-0.6972972972972973,-2.4601769911504423,-1.5849056603773586,5.0594059405940595,-0.3963963963963964,-1.7102803738317758,-0.5263157894736842,-4.154639175257732,-0.8596491228070176,-2.485148514851485,-6.606060606060606,-1.7659574468085106,-2.5384615384615383,0.2818181818181818,-2.642857142857143,-2.4,-1.4952380952380953,-1.41
G6,6.719512195121951,1.926605504587156,5.160377358490566,1.1538461538461537,5.095652173913043,0.1792452830188679,1.2528735632183907,-1.4285714285714286,-4.061224489795919,2.118181818181818,0.8415841584158416,5.5,10.419642857142858,2.101010101010101,1.0689655172413792,0.1111111111111111,1.8712871287128714,-0.6808510638297872,-1.3888888888888888,2.305084745762712,2.265957446808511,1.8205128205128205,2.7264150943396226,6.73394495412844,2.2589285714285716,-1.7647058823529411,-2.4601769911504423,1.8657243816254416,-1.34375,3.7857142857142856,0.7272727272727273,1.6446280991735538,7.008403361344538,-1.2211538461538463,0.7956989247311828,-2.878504672897196,1.59,5.5049504950495045,-0.5643564356435643,2.7676767676767677,1.9906542056074767,5.211864406779661,-0.7549019607843137,3.4158415841584158
G7,0.6777777777777778,-3.752688172043011,0.9278350515463918,-1.1523809523809523,2.732142857142857,-1.3083333333333333,0.3125,-2.827272727272727,-3.415929203539823,-3.142857142857143,0.3333333333333333,-0.24545454545454545,6.76530612244898,2.642857142857143,-1.3434343434343434,-3.7758620689655173,0.5212765957446809,-2.2718446601941746,-2.875,2.6774193548387095,0.4803921568627451,-0.6442307692307693,1.125,4.980769230769231,0.5217391304347826,-2.9313725490196076,-1.5849056603773586,-1.34375,-0.4807692307692308,2.055045871559633,-0.20192307692307693,-0.8130081300813008,1.009433962264151,-3.364485981308411,-2.139344262295082,-2.2857142857142856,-4.2924528301886795,2.6263736263736264,-2.36734693877551,1.5045045045045045,-0.6413043478260869,-0.6636363636363637,-2.130081300813008,0.425531914893617
G8,5.671052631578948,1.7525773195876289,4.593406593406593,2.956043956043956,7.862068965517241,0.5164835164835165,2.7529411764705882,3.21,-0.3194444444444444,2.795698924731183,2.3875,5.70873786407767,13.180722891566266,6.046728971962617,0.9320388349514563,2.5652173913043477,6.178217821782178,1.9056603773584906,1.0112359550561798,4.377777777777778,6.424242424242424,5.158878504672897,5.505050505050505,8.8,2.0412371134020617,-1.9534883720930232,5.0594059405940595,3.7857142857142856,2.055045871559633,3.8666666666666667,6.895348837209302,4.163265306122449,9.044444444444444,5.2727272727272725,1.2475247524752475,2.2115384615384617,0.5125,3.7263157894736842,0.03333333333333333,6.443478260869565,1.58,7.96,1.3211009174311927,3.0
G9,4.652631578947369,-2.707070707070707,4.310679611650485,0.5287356321839081,5.487179487179487,2.381443298969072,0.5514018691588785,1.3295454545454546,-2.0842105263157893,1.5,1.030612244897959,3.855855855855856,10.63963963963964,5.052631578947368,0.6559139784946236,-1.6636363636363636,3.164705882352941,1.3944954128440368,-1.7281553398058251,4.287234042553192,2.8584070796460175,-0.1956521739130435,3.2688172043010755,6.670329670329671,3.439252336448598,-0.2765957446808511,-0.3963963963963964,0.7272727272727273,-0.20192307692307693,6.895348837209302,1.7247191011235956,1.7456140350877194,4.458333333333333,0.2871287128712871,-0.3563218390804598,-2.142857142857143,-1.4318181818181819,2.9893617021276597,0.8021978021978022,0.49074074074074076,0.03260869565217391,0.047058823529411764,0.9913793103448276,0.6170212765957447
G10,3.0,-1.6363636363636365,1.7058823529411764,-2.8155339805825244,5.779816513761468,-2.0625,-2.146788990825688,-1.625,-3.44954128440367,-0.36752136752136755,1.3571428571428572,-0.15789473684210525,9.406593406593407,2.8514851485148514,-1.6412213740458015,-1.880952380952381,2.7547169811320753,-1.2063492063492063,-2.6633663366336635,-1.0901639344262295,0.5882352941176471,-0.043859649122807015,-1.036697247706422,4.426229508196721,-1.6694915254237288,-3.8823529411764706,-1.7102803738317758,1.6446280991735538,-0.8130081300813008,4.163265306122449,1.7456140350877194,-0.25493421052631576,2.2605042016806722,-3.4696969696969697,-3.4628099173553717,-2.3893129770992365,-1.5833333333333333,-1.8521739130434782,-3.1914893617021276,0.5210084033613446,-0.2807017543859649,0.13076923076923078,-1.696078431372549,-1.6288659793814433
G11,2.4946236559139785,2.778947368421053,5.679245283018868,0.4642857142857143,7.961538461538462,1.6635514018691588,2.7875,1.57,0.9509803921568627,1.072072072072072,4.731958762886598,4.355769230769231,6.7657657657657655,2.208695652173913,-0.3247863247863248,1.7608695652173914,2.4158415841584158,1.1428571428571428,-0.17894736842105263,1.158878504672897,4.788888888888889,3.482142857142857,4.130434782608695,8.740384615384615,1.2519685039370079,-1.4893617021276595,-0.5263157894736842,7.008403361344538,1.009433962264151,9.044444444444444,4.458333333333333,2.2605042016806722,2.597173144876325,-1.8529411764705883,0.15315315315315314,2.2605042016806722,-1.5714285714285714,6.380434782608695,-0.2727272727272727,0.3826086956521739,4.575221238938053,2.9461538461538463,1.3725490196078431,3.1666666666666665
B1,-0.8111111111111111,-2.830188679245283,-2.990990990990991,-4.186915887850467,2.596638655462185,-4.816326530612245,-4.5,-4.435294117647059,-4.87,-4.083333333333333,-2.1363636363636362,0.3644067796610169,4.715686274509804,-0.9,-4.921052631578948,-2.8349514563106797,0.31683168316831684,-4.08080808080808,-5.389380530973451,-0.48717948717948717,1.897196261682243,-2.3689320388349513,-1.8421052631578947,2.8333333333333335,-2.6391752577319587,-6.201923076923077,-4.154639175257732,-1.2211538461538463,-3.364485981308411,5.2727272727272725,0.2871287128712871,-3.4696969696969697,-1.8529411764705883,-2.2751322751322753,-3.515151515151515,-3.7777777777777777,-6.782608695652174,0.0673076923076923,-4.428571428571429,-4.767857142857143,-3.142857142857143,-2.0826446280991737,-2.536082474226804,-3.3592233009708736
B2,0.5,-2.6666666666666665,4.05,-2.878260869565217,4.37984496124031,-0.37623762376237624,-3.21,-3.71,-4.625,-3.439252336448598,1.0679611650485437,1.4778761061946903,5.017699115044247,0.5760869565217391,-4.96969696969697,-4.12962962962963,2.4239130434782608,-4.1826923076923075,-3.3333333333333335,-0.3,0.2857142857142857,-0.43478260869565216,-3.2782608695652176,4.407766990291262,-0.6146788990825688,-7.76595744680851,-0.8596491228070176,0.7956989247311828,-2.139344262295082,1.2475247524752475,-0.3563218390804598,-3.4628099173553717,0.15315315315315314,-3.515151515151515,-1.266897746967071,-3.3858267716535435,-4.23404255319149,-1.3883495145631068,-4.706422018348624,-2.2660550458715596,-1.7435897435897436,-0.21666666666666667,-1.97196261682243,-0.9464285714285714
B3,-0.9523809523809523,-4.813559322033898,2.1271186440677967,-2.871287128712871,2.675213675213675,-3.413793103448276,-3.696969696969697,-3.7904761904761903,-4.009090909090909,-1.945945945945946,-2.7169811320754715,0.5928571428571429,6.114754098360656,1.9705882352941178,-1.4408602150537635,-3.295918367346939,-1.9555555555555555,-2.4871794871794872,-5.18,0.05504587155963303,-1.0168067226890756,-3.259259259259259,-0.7786885245901639,3.1650485436893203,-0.3007518796992481,-4.265486725663717,-2.485148514851485,-2.878504672897196,-2.2857142857142856,2.2115384615384617,-2.142857142857143,-2.3893129770992365,2.2605042016806722,-3.7777777777777777,-3.3858267716535435,-1.5760135135135136,-3.585858585858586,-2.8421052631578947,-0.8613861386138614,-2.9207920792079207,-2.1621621621621623,-1.1311475409836065,-3.770642201834862,-2.6483516483516483
B4,-0.5684210526315789,-3.6344086021505375,-2.6538461538461537,-1.5196078431372548,1.0982142857142858,-4.372340425531915,-4.108695652173913,-5.722222222222222,-4.201834862385321,-4.6923076923076925,-0.5876288659793815,0.17647058823529413,3.9183673469387754,-1.613861386138614,-5.716981132075472,-4.582417582417582,-0.67,-7.117647058823529,-4.329545454545454,-0.45454545454545453,-4.30188679245283,-2.4183673469387754,-2.4352941176470586,0.9175257731958762,-3.0693069306930694,-6.2682926829268295,-6.606060606060606,1.59,-4.2924528301886795,0.5125,-1.4318181818181819,-1.5833333333333333,-1.5714285714285714,-6.782608695652174,-4.23404255319149,-3.585858585858586,-2.793168880455408,-5.28421052631579,-4.459183673469388,-1.63,-5.959595959595959,-0.5384615384615384,-5.649484536082475,-0.8817204301075269
B5,-0.1262135922330097,-0.7192982456140351,2.0,-0.53125,5.982905982905983,-3.4574468085106385,0.3644859813084112,-1.619047619047619,-0.8936170212765957,0.391304347826087,1.0612244897959184,2.8876404494382024,9.395833333333334,2.5728155339805827,-0.9473684210526315,-2.386138613861386,0.9880952380952381,-1.5980392156862746,-0.2553191489361702,2.2882882882882885,-0.10989010989010989,1.8452380952380953,2.3333333333333335,7.75,1.2574257425742574,-2.844155844155844,-1.7659574468085106,5.5049504950495045,2.6263736263736264,3.7263157894736842,2.9893617021276597,-1.8521739130434782,6.380434782608695,0.0673076923076923,-1.3883495145631068,-2.8421052631578947,-5.28421052631579,0.8493408662900188,-0.8981481481481481,1.485981308411215,-1.4059405940594059,4.715596330275229,-0.11538461538461539,-0.968421052631579
B6,-1.6063829787234043,-5.160919540229885,-1.3157894736842106,-4.257425742574258,2.398230088495575,-4.094117647058823,-2.5813953488372094,-2.9615384615384617,-6.1875,-4.099009900990099,-2.108695652173913,0.3853211009174312,5.822916666666667,-0.64,-4.659574468085107,-3.089108910891089,1.367816091954023,-3.219047619047619,-5.790697674418604,-1.5740740740740742,0.28888888888888886,-3.888888888888889,-0.8229166666666666,2.3535353535353534,-3.1683168316831685,-3.880434782608696,-2.5384615384615383,-0.5643564356435643,-2.36734693877551,0.03333333333333333,0.8021978021978022,-3.1914893617021276,-0.2727272727272727,-4.428571428571429,-4.706422018348624,-0.8613861386138614,-4.459183673469388,-0.8981481481481481,-1.976923076923077,0.46153846153846156,-2.9545454545454546,-2.15929203539823,-1.6382978723404256,-2.86046511627907
B7,2.6344086021505375,-3.308411214953271,0.6261682242990654,-0.20930232558139536,9.714285714285714,2.644230769230769,-1.8878504672897196,-1.1203703703703705,-4.337209302325581,1.1538461538461537,1.3980582524271845,2.457627118644068,6.589743589743589,-0.9,-2.4358974358974357,-0.15454545454545454,3.2906976744186047,-1.6703296703296704,-1.4660194174757282,2.658119658119658,2.310344827586207,1.1926605504587156,3.3454545454545452,7.978260869565218,-0.31092436974789917,-2.241758241758242,0.2818181818181818,2.7676767676767677,1.5045045045045045,6.443478260869565,0.49074074074074076,0.5210084033613446,0.3826086956521739,-4.767857142857143,-2.2660550458715596,-2.9207920792079207,-1.63,1.485981308411215,0.46153846153846156,0.8412698412698413,0.038834951456310676,4.1454545454545455,-0.08737864077669903,0.07692307692307693
B8,1.8617021276595744,-2.963636363636364,2.5754716981132075,-1.6228070175438596,2.1923076923076925,-2.9017857142857144,-3.7941176470588234,-2.234234234234234,-6.362637362637362,-1.6458333333333333,-0.5495495495495496,2.1881188118811883,5.76,4.398148148148148,-1.8409090909090908,-1.438095238095238,0.45535714285714285,-4.583333333333333,-4.604166666666667,1.2549019607843137,-0.17592592592592593,-3.3047619047619046,-1.0740740740740742,3.3173076923076925,-0.1651376146788991,-3.7222222222222223,-2.642857142857143,1.9906542056074767,-0.6413043478260869,1.58,0.03260869565217391,-0.2807017543859649,4.575221238938053,-3.142857142857143,-1.7435897435897436,-2.1621621621621623,-5.959595959595959,-1.4059405940594059,-2.9545454545454546,0.038834951456310676,-0.7486437613019892,1.2989690721649485,-3.3085106382978724,-0.40594059405940597
B9,0.719626168224299,-0.29245283018867924,5.762376237623762,-0.6728971962616822,4.954128440366972,-0.29473684210526313,-1.956043956043956,-3.0377358490566038,-3.4742268041237114,2.610526315789474,1.5809523809523809,5.587155963302752,7.45045045045045,3.865168539325843,-6.28,-2.1121495327102804,3.1491228070175437,-2.081081081081081,-3.58,3.642857142857143,2.9158878504672896,0.9907407407407407,2.1666666666666665,3.8135593220338984,0.226890756302521,-4.409090909090909,-2.4,5.211864406779661,-0.6636363636363637,7.96,0.047058823529411764,0.13076923076923078,2.9461538461538463,-2.0826446280991737,-0.21666666666666667,-1.1311475409836065,-0.5384615384615384,4.715596330275229,-2.15929203539823,4.1454545454545455,1.2989690721649485,0.8947368421052632,-1.696078431372549,1.34375
B10,-0.875,-4.34065934065934,2.1339285714285716,-0.39622641509433965,1.9243697478991597,-3.128205128205128,-1.1454545454545455,-4.17948717948718,-4.316326530612245,-1.3303571428571428,0.6585365853658537,1.9047619047619047,4.900900900900901,1.6105263157894736,-4.1923076923076925,-4.793388429752066,-1.0784313725490196,-4.115702479338843,-4.764044943820225,0.4036697247706422,0.17355371900826447,2.217821782178218,-1.57,4.020618556701031,-1.3247863247863247,-2.9368421052631577,-1.4952380952380953,-0.7549019607843137,-2.130081300813008,1.3211009174311927,0.9913793103448276,-1.696078431372549,1.3725490196078431,-2.536082474226804,-1.97196261682243,-3.770642201834862,-5.649484536082475,-0.11538461538461539,-1.6382978723404256,-0.08737864077669903,-3.3085106382978724,-1.696078431372549,-1.1469026548672567,-2.2142857142857144
B11,1.0566037735849056,-0.92,-0.21428571428571427,-1.4631578947368422,4.198347107438017,0.5405405405405406,-0.8160919540229885,-0.5869565217391305,-5.712765957446808,-1.0,0.375,1.9902912621359223,7.736363636363636,2.2264150943396226,-2.359375,-3.876190476190476,1.981818181818182,-1.3863636363636365,-2.5408163265306123,1.7927927927927927,-0.6326530612244898,-0.3557692307692308,1.7411764705882353,2.688679245283019,-0.44086021505376344,-1.4680851063829787,-1.41,3.4158415841584158,0.425531914893617,3.0,0.6170212765957447,-1.6288659793814433,3.1666666666666665,-3.3592233009708736,-0.9464285714285714,-2.6483516483516483,-0.8817204301075269,-0.968421052631579,-2.86046511627907,0.07692307692307693,-0.40594059405940597,1.34375,-2.2142857142857144,0.012867647058823529
