Unnamed: 0,R1,R2,R3,R4,R5,R6,R7,R8,R9,R10,R11,Y1,Y2,Y3,Y4,Y5,Y6,Y7,Y8,Y9,Y10,Y11,G1,G2,G3,G4,G5,G6,G7,G8,G9,G10,G11,B1,B2,B3,B4,B5,B6,B7,B8,B9,B10,B11
R1,0.9466666666666667,-1.872037914691943,4.201086956521739,-0.92,5.0,-0.6473684210526316,-0.004975124378109453,-1.0518867924528301,-0.7650273224043715,-0.15306122448979592,1.0441988950276244,4.286407766990291,10.139303482587065,2.89,-1.8194444444444444,-0.20952380952380953,0.8095238095238095,-2.5323383084577116,-2.412121212121212,1.9259259259259258,2.7621621621621624,0.7631578947368421,2.8477157360406093,7.401960784313726,1.6683673469387754,-3.7577319587628866,-1.2944162436548223,3.222857142857143,-1.9833333333333334,5.653846153846154,3.15,1.7,3.2890173410404624,-0.7638190954773869,0.07653061224489796,-0.5242718446601942,-0.6078431372549019,1.984924623115578,-2.4846938775510203,0.8820754716981132,0.8846153846153846,-0.5825242718446602,-2.1465968586387434,0.9712918660287081
R2,-1.872037914691943,-2.251158480074143,0.37158469945355194,-4.622549019607843,3.8369565217391304,-3.6717948717948716,-3.4594594594594597,-5.271493212669683,-5.523316062176166,-3.2933333333333334,-1.6802030456852792,3.3034825870646767,6.75,0.6617647058823529,-4.623318385650224,-2.174757281553398,-2.268292682926829,-5.283333333333333,-5.442708333333333,-2.2117117117117115,-1.054945054945055,-2.6601941747572817,-1.4454976303317535,2.087962962962963,-1.561904761904762,-3.518134715025907,-3.823529411764706,-1.188073394495413,-3.693548387096774,2.1016042780748663,-1.5052631578947369,-2.014354066985646,0.5053191489361702,-2.7641509433962264,-3.3627450980392157,-6.334883720930232,-5.709844559585492,-2.6073059360730593,-5.219387755102041,-3.270408163265306,-3.3932038834951457,-2.2444444444444445,-5.019323671497585,-0.8901098901098901
R3,4.201086956521739,0.37158469945355194,2.3426763110307416,1.5945945945945945,6.768472906403941,0.5870646766169154,0.8351063829787234,0.6232558139534884,-0.20920502092050208,0.3351063829787234,6.17,6.555084745762712,10.173333333333334,5.364102564102564,0.8254716981132075,1.493212669683258,3.3513513513513513,-1.878787878787879,-0.5867346938775511,2.013574660633484,5.637209302325582,2.6161616161616164,2.823529411764706,8.051401869158878,3.835978835978836,-1.6409090909090909,-0.358974358974359,4.14975845410628,0.5416666666666666,6.381720430107527,3.6231155778894473,1.251207729468599,6.3908629441624365,-1.6682464454976302,1.7906976744186047,1.1324200913242009,-1.5621890547263682,1.5812807881773399,-0.9583333333333334,2.101449275362319,1.8623853211009174,3.5728155339805827,0.18181818181818182,0.49047619047619045
R4,-0.92,-4.622549019607843,1.5945945945945945,-1.0940639269406394,3.3427230046948355,-2.4186046511627906,-2.4368421052631577,-4.277486910994765,-3.981651376146789,-3.378787878787879,1.5841121495327102,4.773399014778325,6.254901960784314,1.6079545454545454,-2.6594594594594594,-4.488888888888889,0.48743718592964824,-4.0,-3.8,0.8816326530612245,2.3582089552238807,-1.7142857142857142,-0.7913043478260869,2.4646464646464645,0.2,-4.345177664974619,-1.9950248756218905,0.625615763546798,-3.7661691542288556,3.682051282051282,-1.2890173410404624,-1.245,1.5560747663551402,-3.9174757281553396,-4.731132075471698,-1.6090909090909091,-1.4461538461538461,-0.7475247524752475,-3.2718446601941746,-0.5271739130434783,-1.9230769230769231,-1.0945273631840795,-4.8108108108108105,-2.217391304347826
R5,5.0,3.8369565217391304,6.768472906403941,3.3427230046948355,4.442048517520216,4.771573604060913,4.063725490196078,0.6853448275862069,-0.6736842105263158,3.073170731707317,6.061538461538461,8.16504854368932,11.01923076923077,6.689320388349515,4.471794871794872,2.6556603773584904,6.794736842105263,0.13839285714285715,-0.18811881188118812,6.29064039408867,6.914285714285715,3.6044444444444443,6.982456140350878,9.391089108910892,5.159574468085107,1.4444444444444444,6.014354066985646,4.850678733031674,2.0945273631840795,5.888888888888889,6.73015873015873,3.7142857142857144,7.907766990291262,2.699074074074074,3.60082304526749,3.135514018691589,1.5025641025641026,5.906542056074766,1.9205607476635513,8.651041666666666,1.9701492537313432,4.224489795918367,0.5789473684210527,5.04
R6,-0.6473684210526316,-3.6717948717948716,0.5870646766169154,-2.4186046511627906,4.771573604060913,-1.0155109489051095,-0.4444444444444444,-1.6376146788990826,-3.6178010471204187,-1.7025641025641025,-0.8523809523809524,3.292452830188679,5.85929648241206,1.3925233644859814,-3.995169082125604,-4.028436018957346,2.514851485148515,-2.382978723404255,-3.935,1.3465346534653466,2.2045454545454546,-3.3072916666666665,0.03571428571428571,1.9295774647887325,0.0825242718446602,-4.855140186915888,-0.6113744075829384,-0.8078817733990148,-2.7438423645320196,1.4734042553191489,0.19672131147540983,-3.4615384615384617,1.5431472081218274,-3.8756218905472637,-1.6367924528301887,-3.953488372093023,-3.842696629213483,-1.3448275862068966,-3.56,1.0147058823529411,-3.3347457627118646,-1.446808510638298,-3.3755458515283845,-0.45023696682464454
R7,-0.004975124378109453,-3.4594594594594597,0.8351063829787234,-2.4368421052631577,4.063725490196078,-0.4444444444444444,-0.3437204910292729,-2.614678899082569,-4.769607843137255,-0.02857142857142857,1.9223300970873787,4.692682926829268,7.005025125628141,1.0582010582010581,-2.3684210526315788,-1.3582089552238805,2.103448275862069,-3.431472081218274,-0.47337278106508873,-0.22340425531914893,1.5809523809523809,-1.9891304347826086,0.6421568627450981,4.532608695652174,0.8591549295774648,-4.247572815533981,-1.6559139784946237,0.005154639175257732,-1.5073891625615763,4.630434782608695,1.1428571428571428,-2.350785340314136,3.5898876404494384,-2.5274725274725274,-3.2685185185185186,-2.7783505154639174,-2.481081081081081,1.5509259259259258,-2.606741573033708,0.27906976744186046,-2.75,-1.1559139784946237,-3.0,-0.7772020725388601
R8,-1.0518867924528301,-5.271493212669683,0.6232558139534884,-4.277486910994765,0.6853448275862069,-1.6376146788990826,-2.614678899082569,-1.2117750439367312,-4.102439024390244,-2.1921182266009853,2.3779904306220097,3.9648241206030153,5.170305676855895,1.6113744075829384,-2.831730769230769,-3.33502538071066,-0.3401015228426396,-3.3031914893617023,-4.815533980582524,-0.5161290322580645,0.9121951219512195,-0.9633507853403142,1.082191780821918,3.811926605504587,-0.8755364806866953,-3.9347826086956523,-1.7946428571428572,-0.6359447004608295,-1.4130434782608696,2.8689320388349513,1.3724489795918366,-1.6540284360189574,1.6553398058252426,-3.6391752577319587,-3.5330396475770924,-3.5665024630541873,-3.9479166666666665,-1.6116504854368932,-3.3014354066985647,-0.8318181818181818,-1.8898678414096917,-2.948356807511737,-4.795366795366795,-0.6979166666666666
R9,-0.7650273224043715,-5.523316062176166,-0.20920502092050208,-3.981651376146789,-0.6736842105263158,-3.6178010471204187,-4.769607843137255,-4.102439024390244,-2.6684684684684683,-3.0495049504950495,-1.4385964912280702,1.6785714285714286,4.1201923076923075,-2.082901554404145,-5.065573770491803,-5.17910447761194,-0.14136125654450263,-4.56221198156682,-5.96969696969697,-2.027906976744186,0.9253731343283582,-3.6018518518518516,-1.7946428571428572,2.1095238095238096,-2.2837837837837838,-3.7823834196891193,-3.9008620689655173,-3.8363636363636364,-3.7990654205607477,0.1534090909090909,-2.536697247706422,-2.091703056768559,0.898989898989899,-3.9408602150537635,-5.167464114832536,-4.3,-3.2711111111111113,-2.6985645933014353,-6.37,-1.3520408163265305,-5.812182741116751,-3.606217616580311,-5.522167487684729,-2.449074074074074
R10,-0.15306122448979592,-3.2933333333333334,0.3351063829787234,-3.378787878787879,3.073170731707317,-1.7025641025641025,-0.02857142857142857,-2.1921182266009853,-3.0495049504950495,-0.8236363636363636,-2.138095238095238,3.455026455026455,6.375,-0.0825242718446602,-3.47926267281106,-2.353211009174312,-1.1842105263157894,-3.732620320855615,-2.057471264367816,-0.37383177570093457,1.5047619047619047,1.162162162162162,0.06222222222222222,3.971563981042654,0.0514018691588785,-5.544502617801047,-1.4530386740331491,0.7181818181818181,-3.4046511627906977,2.4744897959183674,0.3155339805825243,-1.2521367521367521,2.009259259259259,-1.5296803652968036,-2.9282296650717705,-1.3906976744186046,-4.9438775510204085,1.188118811881188,-4.585858585858586,0.36363636363636365,-1.4666666666666666,-0.15841584158415842,-2.759433962264151,-1.8653846153846154
R11,1.0441988950276244,-1.6802030456852792,6.17,1.5841121495327102,6.061538461538461,-0.8523809523809524,1.9223300970873787,2.3779904306220097,-1.4385964912280702,-2.138095238095238,1.2542222222222221,12.177884615384615,7.956521739130435,2.4174757281553396,1.0696517412935322,-1.2622222222222221,1.7046632124352332,-0.16666666666666666,-1.299492385786802,1.1933962264150944,2.9833333333333334,-1.6715686274509804,1.7974683544303798,5.2146118721461185,0.401673640167364,-1.4323144104803494,1.2892156862745099,1.448780487804878,0.5560975609756098,4.706586826347305,0.9455445544554455,0.6484018264840182,5.49537037037037,-1.8274336283185841,0.6142857142857143,-1.4558823529411764,-0.4688995215311005,1.79,-2.306532663316583,1.6,-2.1973684210526314,1.1851851851851851,-0.7287234042553191,-0.16666666666666666
Y1,4.286407766990291,3.3034825870646767,6.555084745762712,4.773399014778325,8.16504854368932,3.292452830188679,4.692682926829268,3.9648241206030153,1.6785714285714286,3.455026455026455,12.177884615384615,4.3656987295825775,12.570776255707763,6.8238095238095235,1.2277227722772277,3.085561497326203,7.861702127659575,0.7393617021276596,0.8563829787234043,4.914414414414415,6.615,1.1650943396226414,3.6435185185185186,9.46116504854369,6.476851851851852,0.275,4.35678391959799,5.165,1.3201970443349753,8.244131455399062,6.526315789473684,3.1770833333333335,5.619791666666667,1.8144796380090498,1.8309178743961352,2.051282051282051,1.0054347826086956,5.105263157894737,0.9655172413793104,3.0285714285714285,3.365,5.732394366197183,0.9408866995073891,3.915
Y2,10.139303482587065,6.75,10.173333333333334,6.254901960784314,11.01923076923077,5.85929648241206,7.005025125628141,5.170305676855895,4.1201923076923075,6.375,7.956521739130435,12.570776255707763,7.164408310749774,10.522388059701493,5.648241206030151,4.67741935483871,10.24083769633508,4.642487046632124,3.6206896551724137,9.004424778761061,11.427184466019417,5.497512437810945,7.280373831775701,11.376681614349776,8.087719298245615,3.3254716981132075,5.969543147208122,9.43867924528302,5.562162162162162,11.790322580645162,8.948356807511738,8.278606965174129,8.72429906542056,5.578125,5.316742081447964,5.068493150684931,4.16243654822335,8.679144385026738,3.4511627906976745,6.090909090909091,5.128712871287129,7.389671361502347,2.5450236966824646,6.804232804232805
Y3,2.89,0.6617647058823529,5.364102564102564,1.6079545454545454,6.689320388349515,1.3925233644859814,1.0582010582010581,1.6113744075829384,-2.082901554404145,-0.0825242718446602,2.4174757281553396,6.8238095238095235,10.522388059701493,2.4095940959409594,0.3385416666666667,-0.25510204081632654,4.900900900900901,1.6538461538461537,-0.7758620689655172,4.338235294117647,7.109289617486339,1.48,1.0796019900497513,5.787610619469026,3.272300469483568,-0.7602040816326531,-0.5958549222797928,2.576036866359447,1.537313432835821,7.276190476190476,4.334951456310679,1.0046948356807512,4.404545454545454,0.35454545454545455,1.471794871794872,0.45539906103286387,-1.478021978021978,3.876847290640394,-0.40993788819875776,-0.6217616580310881,3.574766355140187,3.3627450980392157,0.43434343434343436,2.2463054187192117
Y4,-1.8194444444444444,-4.623318385650224,0.8254716981132075,-2.6594594594594594,4.471794871794872,-3.995169082125604,-2.3684210526315788,-2.831730769230769,-5.065573770491803,-3.47926267281106,1.0696517412935322,1.2277227722772277,5.648241206030151,0.3385416666666667,-1.6634189548272809,-3.7091836734693877,-0.7534246575342466,-4.148717948717949,-5.052356020942408,-0.6094420600858369,-0.9166666666666666,-2.378787878787879,-0.8340080971659919,3.142857142857143,-0.784037558685446,-3.871794871794872,-2.077272727272727,0.3568281938325991,-3.2534562211981566,2.45771144278607,-0.6995305164319249,-1.5560165975103735,-0.1013215859030837,-4.643192488262911,-2.922727272727273,-2.202020202020202,-5.331550802139038,-2.3963963963963963,-4.347150259067358,-1.154867256637168,-1.7150259067357514,-4.35678391959799,-4.4754901960784315,-1.3771186440677967
Y5,-0.20952380952380953,-2.174757281553398,1.493212669683258,-4.488888888888889,2.6556603773584904,-4.028436018957346,-1.3582089552238805,-3.33502538071066,-5.17910447761194,-2.353211009174312,-1.2622222222222221,3.085561497326203,4.67741935483871,-0.25510204081632654,-3.7091836734693877,-1.838680926916221,-1.4292929292929293,-3.5721153846153846,-5.614973262032086,-1.9754901960784315,1.0353982300884956,-2.947619047619048,-1.6883720930232557,2.014018691588785,-1.6597938144329898,-5.043689320388349,-3.025,-0.71875,-3.5441860465116277,1.3564814814814814,-1.6842105263157894,-3.4045454545454548,1.837837837837838,-2.878640776699029,-3.257510729613734,-3.4321608040201004,-4.333333333333333,-2.0239234449760763,-2.8955223880597014,-0.2830188679245283,-2.924882629107981,-2.1728971962616823,-5.446351931330472,-3.077294685990338
Y6,0.8095238095238095,-2.268292682926829,3.3513513513513513,0.48743718592964824,6.794736842105263,2.514851485148515,2.103448275862069,-0.3401015228426396,-0.14136125654450263,-1.1842105263157894,1.7046632124352332,7.861702127659575,10.24083769633508,4.900900900900901,-0.7534246575342466,-1.4292929292929293,1.8835227272727273,-1.2885572139303483,-0.4301675977653631,2.4494949494949494,3.297979797979798,2.9679144385026737,3.152073732718894,5.061611374407583,0.0,-1.9226519337016574,1.8105263157894738,0.6857142857142857,1.4193548387096775,6.793269230769231,3.101123595505618,1.8502673796791445,4.563451776649746,1.1642512077294687,1.7955801104972375,-0.4262295081967213,-0.817258883248731,2.8978494623655915,1.372340425531915,2.2637362637362637,0.8648648648648649,2.7242990654205608,-1.5594059405940595,2.4389140271493215
Y7,-2.5323383084577116,-5.283333333333333,-1.878787878787879,-4.0,0.13839285714285715,-2.382978723404255,-3.431472081218274,-3.3031914893617023,-4.56221198156682,-3.732620320855615,-0.16666666666666666,0.7393617021276596,4.642487046632124,1.6538461538461537,-4.148717948717949,-3.5721153846153846,-1.2885572139303483,-2.060798548094374,-5.757894736842105,-1.0452261306532664,1.5893719806763285,-1.0336538461538463,-1.883495145631068,2.5714285714285716,-1.4659685863874345,-4.700934579439252,-1.6763285024154588,-1.0391061452513966,-1.9569377990430623,0.7777777777777778,0.46859903381642515,-0.7521739130434782,0.2753623188405797,-3.218905472636816,-4.716216216216216,-3.7685589519650655,-6.458333333333333,-1.3692307692307693,-3.537037037037037,-1.1111111111111112,-4.896396396396397,-2.9292452830188678,-5.30801687763713,-1.681159420289855
Y8,-2.412121212121212,-5.442708333333333,-0.5867346938775511,-3.8,-0.18811881188118812,-3.935,-0.47337278106508873,-4.815533980582524,-5.96969696969697,-2.057471264367816,-1.299492385786802,0.8563829787234043,3.6206896551724137,-0.7758620689655172,-5.052356020942408,-5.614973262032086,-0.4301675977653631,-5.757894736842105,-2.5454545454545454,-0.7818181818181819,-0.7754010695187166,-2.521505376344086,-1.1789473684210525,1.390625,-3.4334975369458127,-4.213197969543147,-4.857142857142857,-1.7799043062200957,-4.345360824742268,0.6477272727272727,-2.3399014778325125,-2.3520408163265305,1.1684782608695652,-5.293532338308458,-3.709090909090909,-3.6020408163265305,-3.718918918918919,-0.9949238578680203,-5.4,-1.861244019138756,-3.8048780487804876,-2.845410628019324,-5.531073446327683,-2.8555555555555556
Y9,1.9259259259259258,-2.2117117117117115,2.013574660633484,0.8816326530612245,6.29064039408867,1.3465346534653466,-0.22340425531914893,-0.5161290322580645,-2.027906976744186,-0.37383177570093457,1.1933962264150944,4.914414414414415,9.004424778761061,4.338235294117647,-0.6094420600858369,-1.9754901960784315,2.4494949494949494,-1.0452261306532664,-0.7818181818181819,1.5855777584708948,3.296943231441048,4.10377358490566,1.7342342342342343,5.227906976744186,2.125,-0.9867256637168141,1.2666666666666666,2.6164383561643834,2.2599118942731278,5.015384615384615,4.0680628272251305,-0.25225225225225223,3.590909090909091,1.0300429184549356,0.4672489082969432,0.5613207547169812,-1.0298507462686568,2.6731707317073172,-0.8333333333333334,2.5652173913043477,-0.26540284360189575,3.6129032258064515,-0.5161290322580645,1.5530973451327434
Y10,2.7621621621621624,-1.054945054945055,5.637209302325582,2.3582089552238807,6.914285714285715,2.2045454545454546,1.5809523809523809,0.9121951219512195,0.9253731343283582,1.5047619047619047,2.9833333333333334,6.615,11.427184466019417,7.109289617486339,-0.9166666666666666,1.0353982300884956,3.297979797979798,1.5893719806763285,-0.7754010695187166,3.296943231441048,2.4580357142857143,1.7165775401069518,3.0352422907488985,7.236607142857143,3.9342105263157894,-0.10952380952380952,1.046875,2.3282051282051284,0.18407960199004975,7.088669950738916,2.3173076923076925,0.588495575221239,4.843601895734597,2.6547085201793723,1.1,-0.036036036036036036,-2.161764705882353,2.5495049504950495,0.5833333333333334,3.696261682242991,0.8281938325991189,3.394088669950739,-1.1598173515981736,0.2315270935960591
Y11,0.7631578947368421,-2.6601941747572817,2.6161616161616164,-1.7142857142857142,3.6044444444444443,-3.3072916666666665,-1.9891304347826086,-0.9633507853403142,-3.6018518518518516,1.162162162162162,-1.6715686274509804,1.1650943396226414,5.497512437810945,1.48,-2.378787878787879,-2.947619047619048,2.9679144385026737,-1.0336538461538463,-2.521505376344086,4.10377358490566,1.7165775401069518,0.053979871912168347,1.2522935779816513,5.9393939393939394,0.45754716981132076,-3.4236453201970445,-1.3590909090909091,1.9351851851851851,0.5637254901960784,4.323383084577115,0.4444444444444444,-1.584070796460177,5.0,-1.6581632653061225,-1.1116751269035532,-2.6411483253588517,-3.3333333333333335,1.9114583333333333,-2.6766169154228856,0.6728110599078341,-3.5097087378640777,1.023041474654378,-1.3564356435643565,0.4482758620689655
G1,2.8477157360406093,-1.4454976303317535,2.823529411764706,-0.7913043478260869,6.982456140350878,0.03571428571428571,0.6421568627450981,1.082191780821918,-1.7946428571428572,0.06222222222222222,1.7974683544303798,3.6435185185185186,7.280373831775701,1.0796019900497513,-0.8340080971659919,-1.6883720930232557,3.152073732718894,-1.883495145631068,-1.1789473684210525,1.7342342342342343,3.0352422907488985,1.2522935779816513,1.0241171403962102,6.26530612244898,2.1921182266009853,-1.4063926940639269,-0.06896551724137931,1.7612612612612613,-0.6306306306306306,6.140776699029126,1.6214953271028036,-0.5046728971962616,4.45,-1.8333333333333333,-2.3157894736842106,-0.6475770925110133,-1.4660194174757282,1.9400921658986174,-0.9432989690721649,2.547945205479452,-1.543859649122807,1.3380281690140845,-2.2062780269058297,1.3366834170854272
G2,7.401960784313726,2.087962962962963,8.051401869158878,2.4646464646464645,9.391089108910892,1.9295774647887325,4.532608695652174,3.811926605504587,2.1095238095238096,3.971563981042654,5.2146118721461185,9.46116504854369,11.376681614349776,5.787610619469026,3.142857142857143,2.014018691588785,5.061611374407583,2.5714285714285716,1.390625,5.227906976744186,7.236607142857143,5.9393939393939394,6.26530612244898,4.648506151142355,6.666666666666667,3.400990099009901,3.9651741293532337,4.4485981308411215,3.985294117647059,7.886486486486486,5.974489795918367,3.747826086956522,7.233009708737864,3.027027027027027,3.1636363636363636,2.589861751152074,1.0465116279069768,5.618357487922705,3.3155339805825244,5.75,3.0669856459330145,4.375565610859729,1.1018518518518519,3.445945945945946
G3,1.6683673469387754,-1.561904761904762,3.835978835978836,0.2,5.159574468085107,0.0825242718446602,0.8591549295774648,-0.8755364806866953,-2.2837837837837838,0.0514018691588785,0.401673640167364,6.476851851851852,8.087719298245615,3.272300469483568,-0.784037558685446,-1.6597938144329898,0.0,-1.4659685863874345,-3.4334975369458127,2.125,3.9342105263157894,0.45754716981132076,2.1921182266009853,6.666666666666667,0.8853893263342082,-1.263959390862944,-0.8133971291866029,2.9872340425531916,1.1375661375661377,2.8325358851674642,3.4881516587677726,-0.6359649122807017,4.316964285714286,-1.3582089552238805,-0.4931506849315068,-0.7743362831858407,-1.413953488372093,1.5767441860465117,-2.8208955223880596,0.4444444444444444,0.15137614678899083,-0.3511111111111111,-2.681614349775785,-0.425
G4,-3.7577319587628866,-3.518134715025907,-1.6409090909090909,-4.345177664974619,1.4444444444444444,-4.855140186915888,-4.247572815533981,-3.9347826086956523,-3.7823834196891193,-5.544502617801047,-1.4323144104803494,0.275,3.3254716981132075,-0.7602040816326531,-3.871794871794872,-5.043689320388349,-1.9226519337016574,-4.700934579439252,-4.213197969543147,-0.9867256637168141,-0.10952380952380952,-3.4236453201970445,-1.4063926940639269,3.400990099009901,-1.263959390862944,-2.840846366145354,-4.867724867724868,-2.0194174757281553,-3.6040609137055837,-0.9308510638297872,-2.4202127659574466,-4.577114427860696,0.05970149253731343,-5.216216216216216,-7.066326530612245,-4.246305418719212,-5.934426229508197,-1.4184782608695652,-4.535545023696683,-1.4078212290502794,-4.8061224489795915,-5.157068062827225,-5.200980392156863,-3.657004830917874
G5,-1.2944162436548223,-3.823529411764706,-0.358974358974359,-1.9950248756218905,6.014354066985646,-0.6113744075829384,-1.6559139784946237,-1.7946428571428572,-3.9008620689655173,-1.4530386740331491,1.2892156862745099,4.35678391959799,5.969543147208122,-0.5958549222797928,-2.077272727272727,-3.025,1.8105263157894738,-1.6763285024154588,-4.857142857142857,1.2666666666666666,1.046875,-1.3590909090909091,-0.06896551724137931,3.9651741293532337,-0.8133971291866029,-4.867724867724868,-0.9406858202038925,-1.575609756097561,-1.7918781725888324,4.4512820512820515,-0.627906976744186,-1.8963963963963963,1.225,-4.530612244897959,-0.7129186602870813,-2.6975609756097563,-6.315217391304348,-0.9845360824742269,-3.081081081081081,-0.507177033492823,-4.220430107526882,-3.0646766169154227,-3.7476635514018692,-0.8082901554404145
G6,3.222857142857143,-1.188073394495413,4.14975845410628,0.625615763546798,4.850678733031674,-0.8078817733990148,0.005154639175257732,-0.6359447004608295,-3.8363636363636364,0.7181818181818181,1.448780487804878,5.165,9.43867924528302,2.576036866359447,0.3568281938325991,-0.71875,0.6857142857142857,-1.0391061452513966,-1.7799043062200957,2.6164383561643834,2.3282051282051284,1.9351851851851851,1.7612612612612613,4.4485981308411215,2.9872340425531916,-2.0194174757281553,-1.575609756097561,1.1604609929078014,-1.13215859030837,3.23121387283237,2.0842105263157893,0.7359307359307359,6.593073593073593,-2.0520833333333335,0.07729468599033816,-2.660287081339713,0.8851674641148325,2.9907834101382487,-1.7799043062200957,1.263681592039801,-0.03619909502262444,2.82648401826484,-1.8,2.648780487804878
G7,-1.9833333333333334,-3.693548387096774,0.5416666666666666,-3.7661691542288556,2.0945273631840795,-2.7438423645320196,-1.5073891625615763,-1.4130434782608696,-3.7990654205607477,-3.4046511627906977,0.5560975609756098,1.3201970443349753,5.562162162162162,1.537313432835821,-3.2534562211981566,-3.5441860465116277,1.4193548387096775,-1.9569377990430623,-4.345360824742268,2.2599118942731278,0.18407960199004975,0.5637254901960784,-0.6306306306306306,3.985294117647059,1.1375661375661377,-3.6040609137055837,-1.7918781725888324,-1.13215859030837,-0.9402573529411765,3.07981220657277,-0.13612565445026178,-1.5560538116591929,1.893939393939394,-2.869767441860465,-2.439252336448598,-1.8900523560209423,-4.6464088397790055,1.1910112359550562,-3.831578947368421,0.0,-2.58,-2.452127659574468,-3.1066666666666665,1.041025641025641
G8,5.653846153846154,2.1016042780748663,6.381720430107527,3.682051282051282,5.888888888888889,1.4734042553191489,4.630434782608695,2.8689320388349513,0.1534090909090909,2.4744897959183674,4.706586826347305,8.244131455399062,11.790322580645162,7.276190476190476,2.45771144278607,1.3564814814814814,6.793269230769231,0.7777777777777778,0.6477272727272727,5.015384615384615,7.088669950738916,4.323383084577115,6.140776699029126,7.886486486486486,2.8325358851674642,-0.9308510638297872,4.4512820512820515,3.23121387283237,3.07981220657277,4.027724665391969,5.239130434782608,4.209677419354839,9.72340425531915,4.962566844919786,0.6188340807174888,2.8737864077669903,0.9775280898876404,3.7180851063829787,0.43147208121827413,5.2368421052631575,1.495,5.262032085561497,1.5052631578947369,4.314432989690721
G9,3.15,-1.5052631578947369,3.6231155778894473,-1.2890173410404624,6.73015873015873,0.19672131147540983,1.1428571428571428,1.3724489795918366,-2.536697247706422,0.3155339805825243,0.9455445544554455,6.526315789473684,8.948356807511738,4.334951456310679,-0.6995305164319249,-1.6842105263157894,3.101123595505618,0.46859903381642515,-2.3399014778325125,4.0680628272251305,2.3173076923076925,0.4444444444444444,1.6214953271028036,5.974489795918367,3.4881516587677726,-2.4202127659574466,-0.627906976744186,2.0842105263157893,-0.13612565445026178,5.239130434782608,1.353658536585366,0.9768518518518519,4.045454545454546,1.2871287128712872,-0.07853403141361257,-2.1691542288557213,-1.8222222222222222,2.7539267015706805,0.05945945945945946,0.24630541871921183,-0.23809523809523808,0.07526881720430108,-0.1822429906542056,0.48743718592964824
G10,1.7,-2.014354066985646,1.251207729468599,-1.245,3.7142857142857144,-3.4615384615384617,-2.350785340314136,-1.6540284360189574,-2.091703056768559,-1.2521367521367521,0.6484018264840182,3.1770833333333335,8.278606965174129,1.0046948356807512,-1.5560165975103735,-3.4045454545454548,1.8502673796791445,-0.7521739130434782,-2.3520408163265305,-0.25225225225225223,0.588495575221239,-1.584070796460177,-0.5046728971962616,3.747826086956522,-0.6359649122807017,-4.577114427860696,-1.8963963963963963,0.7359307359307359,-1.5560538116591929,4.209677419354839,0.9768518518518519,-0.4848746758859118,2.5925925925925926,-2.879032258064516,-2.8733031674208145,-2.316017316017316,-1.5918367346938775,-1.4366197183098592,-3.479591836734694,0.33663366336633666,-1.9490740740740742,-0.7521008403361344,-3.535211267605634,-0.470873786407767
G11,3.2890173410404624,0.5053191489361702,6.3908629441624365,1.5560747663551402,7.907766990291262,1.5431472081218274,3.5898876404494384,1.6553398058252426,0.898989898989899,2.009259259259259,5.49537037037037,5.619791666666667,8.72429906542056,4.404545454545454,-0.1013215859030837,1.837837837837838,4.563451776649746,0.2753623188405797,1.1684782608695652,3.590909090909091,4.843601895734597,5.0,4.45,7.233009708737864,4.316964285714286,0.05970149253731343,1.225,6.593073593073593,1.893939393939394,9.72340425531915,4.045454545454546,2.5925925925925926,3.126019945602901,0.5645933014354066,1.24,2.4205607476635516,-1.2606382978723405,4.64321608040201,0.3048128342245989,1.7300884955752212,2.3644444444444446,2.8266666666666667,-0.8252427184466019,2.985576923076923
B1,-0.7638190954773869,-2.7641509433962264,-1.6682464454976302,-3.9174757281553396,2.699074074074074,-3.8756218905472637,-2.5274725274725274,-3.6391752577319587,-3.9408602150537635,-1.5296803652968036,-1.8274336283185841,1.8144796380090498,5.578125,0.35454545454545455,-4.643192488262911,-2.878640776699029,1.1642512077294687,-3.218905472636816,-5.293532338308458,1.0300429184549356,2.6547085201793723,-1.6581632653061225,-1.8333333333333333,3.027027027027027,-1.3582089552238805,-5.216216216216216,-4.530612244897959,-2.0520833333333335,-2.869767441860465,4.962566844919786,1.2871287128712872,-2.879032258064516,0.5645933014354066,-1.6280918727915195,-3.383720930232558,-3.198237885462555,-5.584269662921348,0.06542056074766354,-5.0,-2.615740740740741,-2.9311926605504586,-2.016597510373444,-3.206422018348624,-2.573529411764706
B2,0.07653061224489796,-3.3627450980392157,1.7906976744186047,-4.731132075471698,3.60082304526749,-1.6367924528301887,-3.2685185185185186,-3.5330396475770924,-5.167464114832536,-2.9282296650717705,0.6142857142857143,1.8309178743961352,5.316742081447964,1.471794871794872,-2.922727272727273,-3.257510729613734,1.7955801104972375,-4.716216216216216,-3.709090909090909,0.4672489082969432,1.1,-1.1116751269035532,-2.3157894736842106,3.1636363636363636,-0.4931506849315068,-7.066326530612245,-0.7129186602870813,0.07729468599033816,-2.439252336448598,0.6188340807174888,-0.07853403141361257,-2.8733031674208145,1.24,-3.383720930232558,-1.302065404475043,-3.042372881355932,-3.2806122448979593,-1.4926829268292683,-4.377450980392157,-1.59009009009009,-1.6869565217391305,1.2118644067796611,-4.105263157894737,-1.1565217391304348
B3,-0.5242718446601942,-6.334883720930232,1.1324200913242009,-1.6090909090909091,3.135514018691589,-3.953488372093023,-2.7783505154639174,-3.5665024630541873,-4.3,-1.3906976744186046,-1.4558823529411764,2.051282051282051,5.068493150684931,0.45539906103286387,-2.202020202020202,-3.4321608040201004,-0.4262295081967213,-3.7685589519650655,-3.6020408163265305,0.5613207547169812,-0.036036036036036036,-2.6411483253588517,-0.6475770925110133,2.589861751152074,-0.7743362831858407,-4.246305418719212,-2.6975609756097563,-2.660287081339713,-1.8900523560209423,2.8737864077669903,-2.1691542288557213,-2.316017316017316,2.4205607476635516,-3.198237885462555,-3.042372881355932,-1.4190981432360743,-2.7422680412371134,-2.0825242718446604,-1.6581632653061225,-0.8279569892473119,-3.2200956937799043,-1.2735426008968609,-4.008928571428571,-0.5904255319148937
B4,-0.6078431372549019,-5.709844559585492,-1.5621890547263682,-1.4461538461538461,1.5025641025641026,-3.842696629213483,-2.481081081081081,-3.9479166666666665,-3.2711111111111113,-4.9438775510204085,-0.4688995215311005,1.0054347826086956,4.16243654822335,-1.478021978021978,-5.331550802139038,-4.333333333333333,-0.817258883248731,-6.458333333333333,-3.718918918918919,-1.0298507462686568,-2.161764705882353,-3.3333333333333335,-1.4660194174757282,1.0465116279069768,-1.413953488372093,-5.934426229508197,-6.315217391304348,0.8851674641148325,-4.6464088397790055,0.9775280898876404,-1.8222222222222222,-1.5918367346938775,-1.2606382978723405,-5.584269662921348,-3.2806122448979593,-2.7422680412371134,-2.3944866920152093,-3.6174863387978142,-4.213541666666667,-0.7235023041474654,-4.206030150753769,-1.7463414634146341,-4.78,-1.714975845410628
B5,1.984924623115578,-2.6073059360730593,1.5812807881773399,-0.7475247524752475,5.906542056074766,-1.3448275862068966,1.5509259259259258,-1.6116504854368932,-2.6985645933014353,1.188118811881188,1.79,5.105263157894737,8.679144385026738,3.876847290640394,-2.3963963963963963,-2.0239234449760763,2.8978494623655915,-1.3692307692307693,-0.9949238578680203,2.6731707317073172,2.5495049504950495,1.9114583333333333,1.9400921658986174,5.618357487922705,1.5767441860465117,-1.4184782608695652,-0.9845360824742269,2.9907834101382487,1.1910112359550562,3.7180851063829787,2.7539267015706805,-1.4366197183098592,4.64321608040201,0.06542056074766354,-1.4926829268292683,-2.0825242718446604,-3.6174863387978142,0.8769513314967861,-2.0398009950248754,1.5073170731707317,-0.6139534883720931,2.672727272727273,-2.2222222222222223,0.0
B6,-2.4846938775510203,-5.219387755102041,-0.9583333333333334,-3.2718446601941746,1.9205607476635513,-3.56,-2.606741573033708,-3.3014354066985647,-6.37,-4.585858585858586,-2.306532663316583,0.9655172413793104,3.4511627906976745,-0.40993788819875776,-4.347150259067358,-2.8955223880597014,1.372340425531915,-3.537037037037037,-5.4,-0.8333333333333334,0.5833333333333334,-2.6766169154228856,-0.9432989690721649,3.3155339805825244,-2.8208955223880596,-4.535545023696683,-3.081081081081081,-1.7799043062200957,-3.831578947368421,0.43147208121827413,0.05945945945945946,-3.479591836734694,0.3048128342245989,-5.0,-4.377450980392157,-1.6581632653061225,-4.213541666666667,-2.0398009950248754,-2.1359773371104818,-0.25654450261780104,-2.859903381642512,-2.4401913875598087,-4.1313131313131315,-1.9473684210526316
B7,0.8820754716981132,-3.270408163265306,2.101449275362319,-0.5271739130434783,8.651041666666666,1.0147058823529411,0.27906976744186046,-0.8318181818181818,-1.3520408163265305,0.36363636363636365,1.6,3.0285714285714285,6.090909090909091,-0.6217616580310881,-1.154867256637168,-0.2830188679245283,2.2637362637362637,-1.1111111111111112,-1.861244019138756,2.5652173913043477,3.696261682242991,0.6728110599078341,2.547945205479452,5.75,0.4444444444444444,-1.4078212290502794,-0.507177033492823,1.263681592039801,0.0,5.2368421052631575,0.24630541871921183,0.33663366336633666,1.7300884955752212,-2.615740740740741,-1.59009009009009,-0.8279569892473119,-0.7235023041474654,1.5073170731707317,-0.25654450261780104,0.8273381294964028,-0.17525773195876287,2.7453703703703702,-1.1961722488038278,0.24358974358974358
B8,0.8846153846153846,-3.3932038834951457,1.8623853211009174,-1.9230769230769231,1.9701492537313432,-3.3347457627118646,-2.75,-1.8898678414096917,-5.812182741116751,-1.4666666666666666,-2.1973684210526314,3.365,5.128712871287129,3.574766355140187,-1.7150259067357514,-2.924882629107981,0.8648648648648649,-4.896396396396397,-3.8048780487804876,-0.26540284360189575,0.8281938325991189,-3.5097087378640777,-1.543859649122807,3.0669856459330145,0.15137614678899083,-4.8061224489795915,-4.220430107526882,-0.03619909502262444,-2.58,1.495,-0.23809523809523808,-1.9490740740740742,2.3644444444444446,-2.9311926605504586,-1.6869565217391305,-3.2200956937799043,-4.206030150753769,-0.6139534883720931,-2.859903381642512,-0.17525773195876287,-1.1862312444836716,-0.21800947867298578,-4.914414414414415,-0.5933014354066986
B9,-0.5825242718446602,-2.2444444444444445,3.5728155339805827,-1.0945273631840795,4.224489795918367,-1.446808510638298,-1.1559139784946237,-2.948356807511737,-3.606217616580311,-0.15841584158415842,1.1851851851851851,5.732394366197183,7.389671361502347,3.3627450980392157,-4.35678391959799,-2.1728971962616823,2.7242990654205608,-2.9292452830188678,-2.845410628019324,3.6129032258064515,3.394088669950739,1.023041474654378,1.3380281690140845,4.375565610859729,-0.3511111111111111,-5.157068062827225,-3.0646766169154227,2.82648401826484,-2.452127659574468,5.262032085561497,0.07526881720430108,-0.7521008403361344,2.8266666666666667,-2.016597510373444,1.2118644067796611,-1.2735426008968609,-1.7463414634146341,2.672727272727273,-2.4401913875598087,2.7453703703703702,-0.21800947867298578,0.3187889581478183,-2.311004784688995,0.17142857142857143
B10,-2.1465968586387434,-5.019323671497585,0.18181818181818182,-4.8108108108108105,0.5789473684210527,-3.3755458515283845,-3.0,-4.795366795366795,-5.522167487684729,-2.759433962264151,-0.7287234042553191,0.9408866995073891,2.5450236966824646,0.43434343434343436,-4.4754901960784315,-5.446351931330472,-1.5594059405940595,-5.30801687763713,-5.531073446327683,-0.5161290322580645,-1.1598173515981736,-1.3564356435643565,-2.2062780269058297,1.1018518518518519,-2.681614349775785,-5.200980392156863,-3.7476635514018692,-1.8,-3.1066666666666665,1.5052631578947369,-0.1822429906542056,-3.535211267605634,-0.8252427184466019,-3.206422018348624,-4.105263157894737,-4.008928571428571,-4.78,-2.2222222222222223,-4.1313131313131315,-1.1961722488038278,-4.914414414414415,-2.311004784688995,-2.489492119089317,-1.5145631067961165
B11,0.9712918660287081,-0.8901098901098901,0.49047619047619045,-2.217391304347826,5.04,-0.45023696682464454,-0.7772020725388601,-0.6979166666666666,-2.449074074074074,-1.8653846153846154,-0.16666666666666666,3.915,6.804232804232805,2.2463054187192117,-1.3771186440677967,-3.077294685990338,2.4389140271493215,-1.681159420289855,-2.8555555555555556,1.5530973451327434,0.2315270935960591,0.4482758620689655,1.3366834170854272,3.445945945945946,-0.425,-3.657004830917874,-0.8082901554404145,2.648780487804878,1.041025641025641,4.314432989690721,0.48743718592964824,-0.470873786407767,2.985576923076923,-2.573529411764706,-1.1565217391304348,-0.5904255319148937,-1.714975845410628,0.0,-1.9473684210526316,0.24358974358974358,-0.5933014354066986,0.17142857142857143,-1.5145631067961165,0.17395264116575593
