Unnamed: 0,R1,R2,R3,R4,R5,R6,R7,R8,R9,R10,R11,Y1,Y2,Y3,Y4,Y5,Y6,Y7,Y8,Y9,Y10,Y11,G1,G2,G3,G4,G5,G6,G7,G8,G9,G10,G11,B1,B2,B3,B4,B5,B6,B7,B8,B9,B10,B11
R1,0.6111111111111112,-0.8235294117647058,0.5951219512195122,0.17346938775510204,4.069148936170213,0.7871287128712872,-0.2616822429906542,-0.9444444444444444,-3.018181818181818,-0.5879396984924623,4.648780487804878,4.979695431472082,7.035175879396985,3.455357142857143,-1.413953488372093,-1.8307692307692307,1.2669683257918551,-2.711442786069652,-1.6930232558139535,0.47342995169082125,2.437209302325581,1.5,3.84390243902439,5.158653846153846,2.131707317073171,-2.2634146341463413,-2.3317757009345796,-0.2169811320754717,-1.9560975609756097,3.9262672811059907,3.548076923076923,-0.06763285024154589,5.6479591836734695,-0.9216589861751152,-1.1990521327014219,-1.5294117647058822,-3.7142857142857144,1.7150537634408602,-1.2180094786729858,-0.17277486910994763,0.5693069306930693,0.10695187165775401,-2.2908163265306123,-0.16666666666666666
R2,-0.8235294117647058,-2.087151841868823,-1.2286995515695067,-3.349056603773585,1.158878504672897,-3.646788990825688,-4.7125,-5.878048780487805,-4.01058201058201,-2.0,0.0,1.5686274509803921,3.106382978723404,0.6513761467889908,-2.0530973451327434,-2.967889908256881,-4.3431372549019605,-3.952153110047847,-3.171171171171171,-0.91,-0.28804347826086957,-1.3155339805825244,0.06763285024154589,2.4771573604060912,-1.7549019607843137,-4.360975609756098,-4.561224489795919,-2.104265402843602,-4.784090909090909,-1.6710526315789473,-1.9285714285714286,-0.38095238095238093,3.9113300492610836,-3.9594594594594597,-2.8947368421052633,-4.81151832460733,-4.6968325791855206,-1.6852791878172588,-5.34433962264151,-2.151111111111111,-1.0970873786407767,-3.687116564417178,-4.56,-1.161137440758294
R3,0.5951219512195122,-1.2286995515695067,0.8756906077348067,-0.38317757009345793,5.208121827411167,-0.8522167487684729,-0.7109004739336493,-1.9220183486238531,-0.9861111111111112,-0.4834123222748815,6.338308457711443,5.913043478260869,6.328502415458937,2.2373737373737375,-0.6810810810810811,-1.2727272727272727,1.5891891891891892,-1.527363184079602,-0.7065217391304348,3.3195266272189348,2.2864864864864867,1.0721649484536082,2.229268292682927,5.85,0.8709677419354839,-3.3236994219653178,-0.11650485436893204,0.42788461538461536,0.8391959798994975,3.312169312169312,1.8112244897959184,0.7971014492753623,6.352941176470588,-0.10762331838565023,-1.2162162162162162,-0.21658986175115208,-1.102803738317757,-0.6275510204081632,-1.7098445595854923,0.405,0.47572815533980584,-0.4791666666666667,-1.6150234741784038,1.6479591836734695
R4,0.17346938775510204,-3.349056603773585,-0.38317757009345793,-0.30643699002719854,5.035087719298246,-1.1813725490196079,-1.918552036199095,-0.7853881278538812,-1.136150234741784,-1.4975369458128078,5.367149758454106,1.733644859813084,5.728155339805825,-0.3476190476190476,-3.240740740740741,-2.8536585365853657,-0.6683168316831684,-2.3141361256544504,-2.770334928229665,1.0,1.2097560975609756,-2.347826086956522,3.297029702970297,2.55188679245283,-1.438095238095238,-3.60989010989011,-0.90625,1.0476190476190477,-0.24390243902439024,3.5412371134020617,0.046153846153846156,-0.22842639593908629,2.4545454545454546,-2.3009708737864076,-1.7162162162162162,-1.2097560975609756,-2.8186528497409324,0.495,-2.441747572815534,-1.4951456310679612,-0.587378640776699,-0.7242990654205608,-1.645933014354067,-0.9482758620689655
R5,4.069148936170213,1.158878504672897,5.208121827411167,5.035087719298246,4.363876651982379,3.712918660287081,4.110599078341014,0.864321608040201,1.9622641509433962,4.443089430894309,9.435555555555556,8.452488687782806,9.646017699115044,5.568281938325991,2.9767441860465116,3.090909090909091,3.3168316831683167,1.7850467289719627,1.9672897196261683,4.910714285714286,5.938144329896907,2.199052132701422,7.083743842364532,9.188340807174887,4.358208955223881,0.9796954314720813,4.089622641509434,6.219895287958115,3.3062200956937797,7.277511961722488,7.078431372549019,4.618604651162791,9.188481675392671,1.8198198198198199,3.23943661971831,2.5734597156398102,1.4697674418604652,5.995238095238095,0.9809523809523809,4.442477876106195,3.52073732718894,3.8805970149253732,0.9209302325581395,5.176165803108808
R6,0.7871287128712872,-3.646788990825688,-0.8522167487684729,-1.1813725490196079,3.712918660287081,-1.4331838565022421,-2.6121495327102804,-2.62,-2.3820754716981134,-1.1636363636363636,2.8385650224215246,2.1502347417840375,3.48019801980198,-0.3894230769230769,-4.185567010309279,-5.442922374429224,-1.1616161616161615,-2.12,-5.640394088669951,1.8186528497409327,-0.004878048780487805,-3.4708520179372195,0.431924882629108,1.6822429906542056,-1.1705069124423964,-4.334883720930232,-3.206896551724138,-0.5953488372093023,-2.684729064039409,2.196969696969697,0.14354066985645933,-2.452830188679245,1.9761904761904763,-2.6863636363636365,-1.698019801980198,-3.299019607843137,-4.825,-1.675531914893617,-4.776744186046511,-2.328767123287671,-0.8133971291866029,-3.1538461538461537,-4.321428571428571,-2.0531914893617023
R7,-0.2616822429906542,-4.7125,-0.7109004739336493,-1.918552036199095,4.110599078341014,-2.6121495327102804,-1.1062553556126822,-2.753623188405797,-2.5527426160337554,-0.1330049261083744,2.234513274336283,2.786324786324786,2.9289340101522843,0.976303317535545,-2.328767123287671,-2.534782608695652,-0.9747474747474747,-2.90521327014218,-3.137777777777778,-0.22439024390243903,-0.25339366515837103,-1.7972350230414746,1.4428571428571428,2.6639344262295084,-1.8789237668161436,-3.2927927927927927,-4.793269230769231,-0.912621359223301,-2.610576923076923,1.5738396624472575,-0.33796296296296297,0.4801980198019802,3.371287128712871,-2.2542372881355934,-2.7024793388429753,-4.951219512195122,-4.1826484018264845,-0.28846153846153844,-4.455,-2.2596153846153846,-1.4476987447698744,-1.8959276018099547,-1.9763033175355451,0.12322274881516587
R8,-0.9444444444444444,-5.878048780487805,-1.9220183486238531,-0.7853881278538812,0.864321608040201,-2.62,-2.753623188405797,-1.4756657483930211,-5.15,-0.8393782383419689,8.336538461538462,2.9806763285024154,5.0880829015544045,-0.6138613861386139,-5.392670157068062,-3.8292682926829267,-2.581730769230769,-2.93717277486911,-3.7327188940092166,0.47738693467336685,0.009852216748768473,-1.7348837209302326,2.075675675675676,2.85,-1.847457627118644,-4.450777202072539,-2.606060606060606,-1.9555555555555555,-2.7708333333333335,1.784037558685446,-0.4973544973544973,-1.0913461538461537,2.3351648351648353,-4.57,-2.1463414634146343,-4.009661835748792,-4.472636815920398,-0.3146067415730337,-2.2755102040816326,-2.681592039800995,-2.546341463414634,-2.7077625570776256,-4.333333333333333,-2.25130890052356
R9,-3.018181818181818,-4.01058201058201,-0.9861111111111112,-1.136150234741784,1.9622641509433962,-2.3820754716981134,-2.5527426160337554,-5.15,-1.9895742832319723,-2.130630630630631,3.2088888888888887,1.2811059907834101,2.2819383259911894,0.1485148514851485,-2.572139303482587,-4.995454545454545,-2.3405172413793105,-5.690821256038648,-4.697777777777778,-2.2,-0.5068493150684932,-1.1293103448275863,0.0891089108910891,2.0049261083743843,-2.3009708737864076,-4.3405172413793105,-3.057777777777778,-0.06944444444444445,-2.6142131979695433,1.4234234234234233,-1.3944954128440368,-3.329004329004329,0.7098445595854922,-4.609090909090909,-3.143478260869565,-3.7881773399014778,-4.146341463414634,-0.5591397849462365,-4.253521126760563,-2.5555555555555554,-3.1739130434782608,-2.7783505154639174,-4.549180327868853,-1.8871794871794871
R10,-0.5879396984924623,-2.0,-0.4834123222748815,-1.4975369458128078,4.443089430894309,-1.1636363636363636,-0.1330049261083744,-0.8393782383419689,-2.130630630630631,0.0035810205908683975,5.6124401913875595,3.6118721461187215,4.8604651162790695,1.8647342995169083,-2.8986175115207375,-2.378504672897196,-0.9735449735449735,-2.9776785714285716,-1.8767772511848342,1.1207729468599035,2.219178082191781,-0.859375,0.914572864321608,3.4401913875598087,0.8066037735849056,-1.8155339805825244,-1.7661691542288558,1.5231481481481481,-1.9095477386934674,2.16289592760181,-0.4973821989528796,0.037914691943127965,4.044334975369458,-1.0454545454545454,-2.7535545023696684,-1.5951219512195123,-3.8059701492537314,2.0497512437810945,-3.2523809523809524,0.09417040358744394,-0.20588235294117646,-0.17297297297297298,-0.55,0.2019704433497537
R11,4.648780487804878,0.0,6.338308457711443,5.367149758454106,9.435555555555556,2.8385650224215246,2.234513274336283,8.336538461538462,3.2088888888888887,5.6124401913875595,5.2232063773250665,20.01834862385321,8.402714932126697,6.566210045662101,2.5478260869565217,2.279620853080569,4.721153846153846,2.4532019704433496,4.014851485148514,6.072916666666667,5.568527918781726,2.9751243781094527,7.541284403669724,7.891625615763547,6.004926108374384,4.611374407582939,6.779735682819383,7.779816513761468,2.3076923076923075,4.9908675799086755,6.9109947643979055,4.978540772532189,13.88679245283019,1.3609756097560977,1.4362745098039216,2.837962962962963,2.1132075471698113,5.4714285714285715,4.053398058252427,2.8636363636363638,5.358585858585859,4.216931216931217,3.61244019138756,3.23728813559322
Y1,4.979695431472082,1.5686274509803921,5.913043478260869,1.733644859813084,8.452488687782806,2.1502347417840375,2.786324786324786,2.9806763285024154,1.2811059907834101,3.6118721461187215,20.01834862385321,4.185701830863121,10.25233644859813,5.172413793103448,1.5491071428571428,0.8300970873786407,6.209821428571429,1.0973451327433628,0.10697674418604651,7.391089108910891,5.638888888888889,1.1310679611650485,5.337899543378995,6.740088105726873,4.740384615384615,1.2690582959641257,4.469827586206897,8.167441860465116,1.2135922330097086,7.651162790697675,5.576744186046511,5.353535353535354,5.041237113402062,0.9820627802690582,0.5654205607476636,3.1889400921658986,2.853080568720379,5.890995260663507,2.3137254901960786,0.7783018867924528,6.170616113744076,2.465686274509804,-1.456140350877193,6.118811881188119
Y2,7.035175879396985,3.106382978723404,6.328502415458937,5.728155339805825,9.646017699115044,3.48019801980198,2.9289340101522843,5.0880829015544045,2.2819383259911894,4.8604651162790695,8.402714932126697,10.25233644859813,5.917636526410027,10.32994923857868,4.1722689075630255,3.1875,6.426315789473684,3.4504950495049505,3.1913875598086126,7.23936170212766,11.210045662100457,6.1068376068376065,8.038277511961722,10.196172248803828,7.698689956331878,4.2288557213930345,3.8653846153846154,8.166666666666666,4.801047120418848,9.407766990291263,8.56338028169014,5.36150234741784,10.824324324324325,4.0,3.005,4.620689655172414,2.18407960199005,7.876923076923077,2.5410628019323673,4.723004694835681,6.222748815165877,3.744565217391304,2.510917030567686,6.438502673796791
Y3,3.455357142857143,0.6513761467889908,2.2373737373737375,-0.3476190476190476,5.568281938325991,-0.3894230769230769,0.976303317535545,-0.6138613861386139,0.1485148514851485,1.8647342995169083,6.566210045662101,5.172413793103448,10.32994923857868,2.1201413427561837,1.2175925925925926,-1.0460829493087558,4.797872340425532,0.28846153846153844,0.17289719626168223,2.6108374384236455,4.729064039408867,2.4,3.1805555555555554,4.385892116182573,-0.08372093023255814,0.07179487179487179,1.3636363636363635,2.902222222222222,1.3681818181818182,4.932735426008969,3.1283185840707963,2.568075117370892,5.674311926605505,0.41836734693877553,1.1042654028436019,0.25773195876288657,-0.6919642857142857,1.7421052631578948,1.0147058823529411,1.3097345132743363,3.535885167464115,0.6898395721925134,-1.5380710659898478,2.135265700483092
Y4,-1.413953488372093,-2.0530973451327434,-0.6810810810810811,-3.240740740740741,2.9767441860465116,-4.185567010309279,-2.328767123287671,-5.392670157068062,-2.572139303482587,-2.8986175115207375,2.5478260869565217,1.5491071428571428,4.1722689075630255,1.2175925925925926,-1.156552330694811,-3.7282051282051283,-1.2690582959641257,-3.7904761904761903,-4.2592592592592595,1.050251256281407,2.0054054054054054,-1.7311320754716981,2.49,3.2450980392156863,-0.6788990825688074,-3.675925925925926,-3.0754716981132075,0.115,-3.528205128205128,0.8794642857142857,-0.7477477477477478,-0.9957264957264957,4.15,-2.2266666666666666,-2.468,-4.300518134715026,-3.188888888888889,0.11013215859030837,-4.070422535211268,-1.1106194690265487,-0.19383259911894274,-3.1052631578947367,-5.169082125603865,0.22330097087378642
Y5,-1.8307692307692307,-2.967889908256881,-1.2727272727272727,-2.8536585365853657,3.090909090909091,-5.442922374429224,-2.534782608695652,-3.8292682926829267,-4.995454545454545,-2.378504672897196,2.279620853080569,0.8300970873786407,3.1875,-1.0460829493087558,-3.7282051282051283,-1.8415398388540734,-1.470899470899471,-4.390476190476191,-4.909090909090909,-0.19811320754716982,0.27751196172248804,-3.727272727272727,0.995575221238938,3.5782608695652174,-0.8333333333333334,-4.375609756097561,-3.513368983957219,-0.6699029126213593,-3.107843137254902,0.8349056603773585,-0.05102040816326531,-3.8056872037914693,3.823529411764706,-2.8866995073891624,-3.293838862559242,-4.197115384615385,-4.367149758454106,-1.5287958115183247,-4.086580086580087,-1.7194570135746607,-0.7157360406091371,-2.8181818181818183,-5.834821428571429,-2.3969072164948453
Y6,1.2669683257918551,-4.3431372549019605,1.5891891891891892,-0.6683168316831684,3.3168316831683167,-1.1616161616161615,-0.9747474747474747,-2.581730769230769,-2.3405172413793105,-0.9735449735449735,4.721153846153846,6.209821428571429,6.426315789473684,4.797872340425532,-1.2690582959641257,-1.470899470899471,0.8460829493087557,0.1518324607329843,-1.1776649746192893,4.836734693877551,2.673469387755102,0.9900990099009901,1.1297297297297297,3.706161137440758,-0.050761421319796954,-3.743455497382199,-0.7010869565217391,3.1971153846153846,-1.1581632653061225,3.126637554585153,2.7445887445887447,1.8125,4.090909090909091,0.7298578199052133,-0.2358974358974359,-1.1794871794871795,-2.4285714285714284,2.943589743589744,-0.6742081447963801,1.6372549019607843,0.7403846153846154,0.37037037037037035,-1.8341232227488151,1.8074866310160427
Y7,-2.711442786069652,-3.952153110047847,-1.527363184079602,-2.3141361256544504,1.7850467289719627,-2.12,-2.90521327014218,-2.93717277486911,-5.690821256038648,-2.9776785714285716,2.4532019704433496,1.0973451327433628,3.4504950495049505,0.28846153846153844,-3.7904761904761903,-4.390476190476191,0.1518324607329843,-1.9817017383348583,-4.360576923076923,0.6787564766839378,1.1132075471698113,-1.9158415841584158,-0.058823529411764705,0.6530612244897959,0.9635416666666666,-5.541062801932367,-4.943661971830986,0.6212121212121212,-3.2242990654205608,-0.5204081632653061,-0.025510204081632654,-2.6901408450704225,1.7924528301886793,-4.560846560846561,-2.7422680412371134,-5.618357487922705,-6.018779342723005,-1.622340425531915,-6.223880597014926,-2.772093023255814,-0.6822916666666666,-3.8274111675126905,-4.746113989637306,-2.4171428571428573
Y8,-1.6930232558139535,-3.171171171171171,-0.7065217391304348,-2.770334928229665,1.9672897196261683,-5.640394088669951,-3.137777777777778,-3.7327188940092166,-4.697777777777778,-1.8767772511848342,4.014851485148514,0.10697674418604651,3.1913875598086126,0.17289719626168223,-4.2592592592592595,-4.909090909090909,-1.1776649746192893,-4.360576923076923,-2.2315978456014363,0.7972350230414746,-0.49693251533742333,-2.8524590163934427,-2.1232876712328768,0.36619718309859156,-2.973684210526316,-3.513392857142857,-2.954314720812183,-2.104265402843602,-4.276923076923077,0.8676470588235294,-1.4193548387096775,-2.977272727272727,1.4060913705583757,-4.145,-3.685,-4.247663551401869,-6.227906976744186,-1.6605504587155964,-4.465686274509804,-3.7098214285714284,-2.1862745098039214,-4.174129353233831,-3.466321243523316,-2.5121951219512195
Y9,0.47342995169082125,-0.91,3.3195266272189348,1.0,4.910714285714286,1.8186528497409327,-0.22439024390243903,0.47738693467336685,-2.2,1.1207729468599035,6.072916666666667,7.391089108910891,7.23936170212766,2.6108374384236455,1.050251256281407,-0.19811320754716982,4.836734693877551,0.6787564766839378,0.7972350230414746,1.8456439393939394,4.191256830601093,2.160220994475138,2.026315789473684,4.6,0.4696969696969697,-0.6931216931216931,0.8793969849246231,4.421052631578948,-0.30158730158730157,5.901477832512315,2.0486486486486486,0.9852216748768473,6.191709844559585,-0.7024390243902439,0.2602040816326531,-0.986046511627907,-0.4635416666666667,2.115606936416185,-1.1935483870967742,1.38860103626943,1.864321608040201,0.569060773480663,-1.1675392670157068,5.52
Y10,2.437209302325581,-0.28804347826086957,2.2864864864864867,1.2097560975609756,5.938144329896907,-0.004878048780487805,-0.25339366515837103,0.009852216748768473,-0.5068493150684932,2.219178082191781,5.568527918781726,5.638888888888889,11.210045662100457,4.729064039408867,2.0054054054054054,0.27751196172248804,2.673469387755102,1.1132075471698113,-0.49693251533742333,4.191256830601093,2.3208751139471286,1.5544554455445545,2.759259259259259,5.548543689320389,2.5761904761904764,0.5964912280701754,2.3842364532019706,3.1699029126213594,1.0696517412935322,5.645933014354067,1.6130434782608696,1.70935960591133,6.639810426540285,2.259259259259259,0.8251121076233184,0.06030150753768844,-1.9392265193370166,2.8529411764705883,0.8106796116504854,-0.026455026455026454,2.2027027027027026,3.316326530612245,-0.6521739130434783,3.393939393939394
Y11,1.5,-1.3155339805825244,1.0721649484536082,-2.347826086956522,2.199052132701422,-3.4708520179372195,-1.7972350230414746,-1.7348837209302326,-1.1293103448275863,-0.859375,2.9751243781094527,1.1310679611650485,6.1068376068376065,2.4,-1.7311320754716981,-3.727272727272727,0.9900990099009901,-1.9158415841584158,-2.8524590163934427,2.160220994475138,1.5544554455445545,-0.06946983546617916,1.0738916256157636,2.748768472906404,0.7572815533980582,-2.873015873015873,-1.2673267326732673,2.6127450980392157,-0.7049180327868853,2.09,1.4313725490196079,1.311881188118812,5.427083333333333,-2.6,-0.34684684684684686,-4.26,-2.730769230769231,1.1375661375661377,-2.2408376963350785,0.6893203883495146,0.4381443298969072,-0.21311475409836064,-5.26984126984127,0.16585365853658537
G1,3.84390243902439,0.06763285024154589,2.229268292682927,3.297029702970297,7.083743842364532,0.431924882629108,1.4428571428571428,2.075675675675676,0.0891089108910891,0.914572864321608,7.541284403669724,5.337899543378995,8.038277511961722,3.1805555555555554,2.49,0.995575221238938,1.1297297297297297,-0.058823529411764705,-2.1232876712328768,2.026315789473684,2.759259259259259,1.0738916256157636,2.18625678119349,5.315315315315315,4.4603174603174605,-0.3251231527093596,0.20574162679425836,2.4106280193236715,2.46927374301676,6.456310679611651,2.3799126637554586,1.5,6.891089108910891,-0.8388625592417062,2.376190476190476,1.1972477064220184,-1.0765957446808512,2.3047619047619046,-0.33507853403141363,0.3829787234042553,1.3769633507853403,1.5327102803738317,0.7298578199052133,0.4406779661016949
G2,5.158653846153846,2.4771573604060912,5.85,2.55188679245283,9.188340807174887,1.6822429906542056,2.6639344262295084,2.85,2.0049261083743843,3.4401913875598087,7.891625615763547,6.740088105726873,10.196172248803828,4.385892116182573,3.2450980392156863,3.5782608695652174,3.706161137440758,0.6530612244897959,0.36619718309859156,4.6,5.548543689320389,2.748768472906404,5.315315315315315,3.9620141342756185,5.598130841121495,0.9096045197740112,3.04040404040404,5.12621359223301,2.1447963800904977,8.054726368159203,6.627358490566038,3.497584541062802,7.367647058823529,1.759493670886076,2.8826291079812205,0.8720379146919431,2.1531914893617023,6.91578947368421,1.441747572815534,3.2008733624454146,2.7294685990338166,3.009950248756219,2.0825688073394497,4.276381909547739
G3,2.131707317073171,-1.7549019607843137,0.8709677419354839,-1.438095238095238,4.358208955223881,-1.1705069124423964,-1.8789237668161436,-1.847457627118644,-2.3009708737864076,0.8066037735849056,6.004926108374384,4.740384615384615,7.698689956331878,-0.08372093023255814,-0.6788990825688074,-0.8333333333333334,-0.050761421319796954,0.9635416666666666,-2.973684210526316,0.4696969696969697,2.5761904761904764,0.7572815533980582,4.4603174603174605,5.598130841121495,0.8630897317298798,-0.2978723404255319,0.6666666666666666,3.22279792746114,-1.8238341968911918,3.773399014778325,2.3878504672897196,1.3626943005181347,6.5545023696682465,-0.6766169154228856,0.0,-2.1714285714285713,-3.5396825396825395,2.1088082901554404,-1.9230769230769231,1.6373056994818653,-1.194736842105263,-0.07471264367816093,-3.3820224719101124,1.6559139784946237
G4,-2.2634146341463413,-4.360975609756098,-3.3236994219653178,-3.60989010989011,0.9796954314720813,-4.334883720930232,-3.2927927927927927,-4.450777202072539,-4.3405172413793105,-1.8155339805825244,4.611374407582939,1.2690582959641257,4.2288557213930345,0.07179487179487179,-3.675925925925926,-4.375609756097561,-3.743455497382199,-5.541062801932367,-3.513392857142857,-0.6931216931216931,0.5964912280701754,-2.873015873015873,-0.3251231527093596,0.9096045197740112,-0.2978723404255319,-2.348148148148148,-3.922705314009662,-0.9855072463768116,-4.388888888888889,-1.402116402116402,-1.3556701030927836,-3.235294117647059,2.319371727748691,-5.355329949238579,-4.253968253968254,-4.995073891625616,-5.8994708994708995,-0.3106796116504854,-4.9308755760368665,-3.6372093023255814,-0.9605911330049262,-4.596590909090909,-5.794117647058823,-3.1551724137931036
G5,-2.3317757009345796,-4.561224489795919,-0.11650485436893204,-0.90625,4.089622641509434,-3.206896551724138,-4.793269230769231,-2.606060606060606,-3.057777777777778,-1.7661691542288558,6.779735682819383,4.469827586206897,3.8653846153846154,1.3636363636363635,-3.0754716981132075,-3.513368983957219,-0.7010869565217391,-4.943661971830986,-2.954314720812183,0.8793969849246231,2.3842364532019706,-1.2673267326732673,0.20574162679425836,3.04040404040404,0.6666666666666666,-3.922705314009662,-0.9150090415913201,0.027777777777777776,-2.5714285714285716,1.849740932642487,-0.9594594594594594,-2.308457711442786,4.18,-4.2318181818181815,-2.289617486338798,-2.351219512195122,-4.610837438423645,0.8578947368421053,-1.6615384615384616,-2.9326923076923075,-0.8629441624365483,-1.1945945945945946,-4.0594059405940595,-1.2727272727272727
G6,-0.2169811320754717,-2.104265402843602,0.42788461538461536,1.0476190476190477,6.219895287958115,-0.5953488372093023,-0.912621359223301,-1.9555555555555555,-0.06944444444444445,1.5231481481481481,7.779816513761468,8.167441860465116,8.166666666666666,2.902222222222222,0.115,-0.6699029126213593,3.1971153846153846,0.6212121212121212,-2.104265402843602,4.421052631578948,3.1699029126213594,2.6127450980392157,2.4106280193236715,5.12621359223301,3.22279792746114,-0.9855072463768116,0.027777777777777776,1.4864376130198915,1.3127962085308056,4.119791666666667,3.456221198156682,2.490740740740741,6.614906832298137,-1.2281553398058251,-0.3755656108597285,0.463768115942029,-0.7192118226600985,1.9402985074626866,-0.8935185185185185,-0.09359605911330049,1.3909090909090909,-0.8742857142857143,-2.420289855072464,-1.380952380952381
G7,-1.9560975609756097,-4.784090909090909,0.8391959798994975,-0.24390243902439024,3.3062200956937797,-2.684729064039409,-2.610576923076923,-2.7708333333333335,-2.6142131979695433,-1.9095477386934674,2.3076923076923075,1.2135922330097086,4.801047120418848,1.3681818181818182,-3.528205128205128,-3.107843137254902,-1.1581632653061225,-3.2242990654205608,-4.276923076923077,-0.30158730158730157,1.0696517412935322,-0.7049180327868853,2.46927374301676,2.1447963800904977,-1.8238341968911918,-4.388888888888889,-2.5714285714285716,1.3127962085308056,-1.0129749768303986,1.300469483568075,-0.9264705882352942,-1.0334928229665072,2.6683417085427137,-3.396039603960396,-1.088785046728972,-3.960591133004926,-4.252525252525253,-0.90625,-2.457286432160804,-1.085308056872038,-1.085427135678392,-1.6699507389162562,-3.2124352331606216,0.3988439306358382
G8,3.9262672811059907,-1.6710526315789473,3.312169312169312,3.5412371134020617,7.277511961722488,2.196969696969697,1.5738396624472575,1.784037558685446,1.4234234234234233,2.16289592760181,4.9908675799086755,7.651162790697675,9.407766990291263,4.932735426008969,0.8794642857142857,0.8349056603773585,3.126637554585153,-0.5204081632653061,0.8676470588235294,5.901477832512315,5.645933014354067,2.09,6.456310679611651,8.054726368159203,3.773399014778325,-1.402116402116402,1.849740932642487,4.119791666666667,1.300469483568075,3.099640933572711,4.643564356435643,2.643192488262911,8.827906976744186,2.634259259259259,1.6396396396396395,0.18592964824120603,1.066326530612245,3.5485436893203883,0.07537688442211055,2.733009708737864,1.9907834101382489,2.1264367816091956,1.4923857868020305,4.010810810810811
G9,3.548076923076923,-1.9285714285714286,1.8112244897959184,0.046153846153846156,7.078431372549019,0.14354066985645933,-0.33796296296296297,-0.4973544973544973,-1.3944954128440368,-0.4973821989528796,6.9109947643979055,5.576744186046511,8.56338028169014,3.1283185840707963,-0.7477477477477478,-0.05102040816326531,2.7445887445887447,-0.025510204081632654,-1.4193548387096775,2.0486486486486486,1.6130434782608696,1.4313725490196079,2.3799126637554586,6.627358490566038,2.3878504672897196,-1.3556701030927836,-0.9594594594594594,3.456221198156682,-0.9264705882352942,4.643564356435643,1.4716471647164717,2.0748898678414096,5.8023255813953485,-1.2673267326732673,0.7702702702702703,-0.4213197969543147,-1.2155172413793103,1.3743589743589744,-0.357487922705314,0.5520833333333334,-0.16666666666666666,1.175609756097561,0.38349514563106796,0.6594594594594595
G10,-0.06763285024154589,-0.38095238095238093,0.7971014492753623,-0.22842639593908629,4.618604651162791,-2.452830188679245,0.4801980198019802,-1.0913461538461537,-3.329004329004329,0.037914691943127965,4.978540772532189,5.353535353535354,5.36150234741784,2.568075117370892,-0.9957264957264957,-3.8056872037914693,1.8125,-2.6901408450704225,-2.977272727272727,0.9852216748768473,1.70935960591133,1.311881188118812,1.5,3.497584541062802,1.3626943005181347,-3.235294117647059,-2.308457711442786,2.490740740740741,-1.0334928229665072,2.643192488262911,2.0748898678414096,-0.0044286979627989375,4.447916666666667,-2.2920353982300883,-2.0136363636363637,-3.226244343891403,-4.305555555555555,-0.9901477832512315,-3.8883495145631066,-0.827433628318584,-0.4900990099009901,-1.035897435897436,-3.12807881773399,-0.7382198952879581
G11,5.6479591836734695,3.9113300492610836,6.352941176470588,2.4545454545454546,9.188481675392671,1.9761904761904763,3.371287128712871,2.3351648351648353,0.7098445595854922,4.044334975369458,13.88679245283019,5.041237113402062,10.824324324324325,5.674311926605505,4.15,3.823529411764706,4.090909090909091,1.7924528301886793,1.4060913705583757,6.191709844559585,6.639810426540285,5.427083333333333,6.891089108910891,7.367647058823529,6.5545023696682465,2.319371727748691,4.18,6.614906832298137,2.6683417085427137,8.827906976744186,5.8023255813953485,4.447916666666667,4.6685499058380415,2.372448979591837,2.192513368983957,2.0271493212669682,0.9657142857142857,4.949720670391062,2.804232804232804,4.221674876847291,4.9908675799086755,3.5402298850574714,1.6479591836734695,4.348958333333333
B1,-0.9216589861751152,-3.9594594594594597,-0.10762331838565023,-2.3009708737864076,1.8198198198198199,-2.6863636363636365,-2.2542372881355934,-4.57,-4.609090909090909,-1.0454545454545454,1.3609756097560977,0.9820627802690582,4.0,0.41836734693877553,-2.2266666666666666,-2.8866995073891624,0.7298578199052133,-4.560846560846561,-4.145,-0.7024390243902439,2.259259259259259,-2.6,-0.8388625592417062,1.759493670886076,-0.6766169154228856,-5.355329949238579,-4.2318181818181815,-1.2281553398058251,-3.396039603960396,2.634259259259259,-1.2673267326732673,-2.2920353982300883,2.372448979591837,-1.53568281938326,-4.073913043478261,-3.718918918918919,-3.6809523809523808,-0.5410628019323671,-3.2142857142857144,-4.074766355140187,-1.3933649289099526,-1.0048309178743962,-4.2272727272727275,-0.5583756345177665
B2,-1.1990521327014219,-2.8947368421052633,-1.2162162162162162,-1.7162162162162162,3.23943661971831,-1.698019801980198,-2.7024793388429753,-2.1463414634146343,-3.143478260869565,-2.7535545023696684,1.4362745098039216,0.5654205607476636,3.005,1.1042654028436019,-2.468,-3.293838862559242,-0.2358974358974359,-2.7422680412371134,-3.685,0.2602040816326531,0.8251121076233184,-0.34684684684684686,2.376190476190476,2.8826291079812205,0.0,-4.253968253968254,-2.289617486338798,-0.3755656108597285,-1.088785046728972,1.6396396396396395,0.7702702702702703,-2.0136363636363637,2.192513368983957,-4.073913043478261,-0.9702015775635408,-3.0,-4.207207207207207,-0.4880382775119617,-3.29064039408867,-1.3943661971830985,0.10909090909090909,0.059113300492610835,-2.251207729468599,-0.2706422018348624
B3,-1.5294117647058822,-4.81151832460733,-0.21658986175115208,-1.2097560975609756,2.5734597156398102,-3.299019607843137,-4.951219512195122,-4.009661835748792,-3.7881773399014778,-1.5951219512195123,2.837962962962963,3.1889400921658986,4.620689655172414,0.25773195876288657,-4.300518134715026,-4.197115384615385,-1.1794871794871795,-5.618357487922705,-4.247663551401869,-0.986046511627907,0.06030150753768844,-4.26,1.1972477064220184,0.8720379146919431,-2.1714285714285713,-4.995073891625616,-2.351219512195122,0.463768115942029,-3.960591133004926,0.18592964824120603,-0.4213197969543147,-3.226244343891403,2.0271493212669682,-3.718918918918919,-3.0,-1.8265213442325159,-4.778947368421052,-0.5778894472361809,-2.9210526315789473,-3.600985221674877,-3.7916666666666665,-0.6402116402116402,-4.463541666666667,-3.608040201005025
B4,-3.7142857142857144,-4.6968325791855206,-1.102803738317757,-2.8186528497409324,1.4697674418604652,-4.825,-4.1826484018264845,-4.472636815920398,-4.146341463414634,-3.8059701492537314,2.1132075471698113,2.853080568720379,2.18407960199005,-0.6919642857142857,-3.188888888888889,-4.367149758454106,-2.4285714285714284,-6.018779342723005,-6.227906976744186,-0.4635416666666667,-1.9392265193370166,-2.730769230769231,-1.0765957446808512,2.1531914893617023,-3.5396825396825395,-5.8994708994708995,-4.610837438423645,-0.7192118226600985,-4.252525252525253,1.066326530612245,-1.2155172413793103,-4.305555555555555,0.9657142857142857,-3.6809523809523808,-4.207207207207207,-4.778947368421052,-2.5849227974568576,-1.8810810810810812,-5.607843137254902,-2.958974358974359,-3.0184331797235022,-3.195767195767196,-6.068292682926829,-1.9104477611940298
B5,1.7150537634408602,-1.6852791878172588,-0.6275510204081632,0.495,5.995238095238095,-1.675531914893617,-0.28846153846153844,-0.3146067415730337,-0.5591397849462365,2.0497512437810945,5.4714285714285715,5.890995260663507,7.876923076923077,1.7421052631578948,0.11013215859030837,-1.5287958115183247,2.943589743589744,-1.622340425531915,-1.6605504587155964,2.115606936416185,2.8529411764705883,1.1375661375661377,2.3047619047619046,6.91578947368421,2.1088082901554404,-0.3106796116504854,0.8578947368421053,1.9402985074626866,-0.90625,3.5485436893203883,1.3743589743589744,-0.9901477832512315,4.949720670391062,-0.5410628019323671,-0.4880382775119617,-0.5778894472361809,-1.8810810810810812,1.3036053130929792,-1.309278350515464,2.2044198895027622,0.7150259067357513,1.3705882352941177,1.6117021276595744,2.425
B6,-1.2180094786729858,-5.34433962264151,-1.7098445595854923,-2.441747572815534,0.9809523809523809,-4.776744186046511,-4.455,-2.2755102040816326,-4.253521126760563,-3.2523809523809524,4.053398058252427,2.3137254901960786,2.5410628019323673,1.0147058823529411,-4.070422535211268,-4.086580086580087,-0.6742081447963801,-6.223880597014926,-4.465686274509804,-1.1935483870967742,0.8106796116504854,-2.2408376963350785,-0.33507853403141363,1.441747572815534,-1.9230769230769231,-4.9308755760368665,-1.6615384615384616,-0.8935185185185185,-2.457286432160804,0.07537688442211055,-0.357487922705314,-3.8883495145631066,2.804232804232804,-3.2142857142857144,-3.29064039408867,-2.9210526315789473,-5.607843137254902,-1.309278350515464,-2.0045495905368518,-3.5645933014354068,-2.9896907216494846,-1.1472081218274113,-5.068292682926829,-2.802139037433155
B7,-0.17277486910994763,-2.151111111111111,0.405,-1.4951456310679612,4.442477876106195,-2.328767123287671,-2.2596153846153846,-2.681592039800995,-2.5555555555555554,0.09417040358744394,2.8636363636363638,0.7783018867924528,4.723004694835681,1.3097345132743363,-1.1106194690265487,-1.7194570135746607,1.6372549019607843,-2.772093023255814,-3.7098214285714284,1.38860103626943,-0.026455026455026454,0.6893203883495146,0.3829787234042553,3.2008733624454146,1.6373056994818653,-3.6372093023255814,-2.9326923076923075,-0.09359605911330049,-1.085308056872038,2.733009708737864,0.5520833333333334,-0.827433628318584,4.221674876847291,-4.074766355140187,-1.3943661971830985,-3.600985221674877,-2.958974358974359,2.2044198895027622,-3.5645933014354068,-0.3402340234023402,0.7897196261682243,-0.4260355029585799,-0.9174757281553398,0.5376344086021505
B8,0.5693069306930693,-1.0970873786407767,0.47572815533980584,-0.587378640776699,3.52073732718894,-0.8133971291866029,-1.4476987447698744,-2.546341463414634,-3.1739130434782608,-0.20588235294117646,5.358585858585859,6.170616113744076,6.222748815165877,3.535885167464115,-0.19383259911894274,-0.7157360406091371,0.7403846153846154,-0.6822916666666666,-2.1862745098039214,1.864321608040201,2.2027027027027026,0.4381443298969072,1.3769633507853403,2.7294685990338166,-1.194736842105263,-0.9605911330049262,-0.8629441624365483,1.3909090909090909,-1.085427135678392,1.9907834101382489,-0.16666666666666666,-0.4900990099009901,4.9908675799086755,-1.3933649289099526,0.10909090909090909,-3.7916666666666665,-3.0184331797235022,0.7150259067357513,-2.9896907216494846,0.7897196261682243,0.3936651583710407,1.190721649484536,-2.3654822335025383,1.4946236559139785
B9,0.10695187165775401,-3.687116564417178,-0.4791666666666667,-0.7242990654205608,3.8805970149253732,-3.1538461538461537,-1.8959276018099547,-2.7077625570776256,-2.7783505154639174,-0.17297297297297298,4.216931216931217,2.465686274509804,3.744565217391304,0.6898395721925134,-3.1052631578947367,-2.8181818181818183,0.37037037037037035,-3.8274111675126905,-4.174129353233831,0.569060773480663,3.316326530612245,-0.21311475409836064,1.5327102803738317,3.009950248756219,-0.07471264367816093,-4.596590909090909,-1.1945945945945946,-0.8742857142857143,-1.6699507389162562,2.1264367816091956,1.175609756097561,-1.035897435897436,3.5402298850574714,-1.0048309178743962,0.059113300492610835,-0.6402116402116402,-3.195767195767196,1.3705882352941177,-1.1472081218274113,-0.4260355029585799,1.190721649484536,-0.32748538011695905,-2.544973544973545,0.9179487179487179
B10,-2.2908163265306123,-4.56,-1.6150234741784038,-1.645933014354067,0.9209302325581395,-4.321428571428571,-1.9763033175355451,-4.333333333333333,-4.549180327868853,-0.55,3.61244019138756,-1.456140350877193,2.510917030567686,-1.5380710659898478,-5.169082125603865,-5.834821428571429,-1.8341232227488151,-4.746113989637306,-3.466321243523316,-1.1675392670157068,-0.6521739130434783,-5.26984126984127,0.7298578199052133,2.0825688073394497,-3.3820224719101124,-5.794117647058823,-4.0594059405940595,-2.420289855072464,-3.2124352331606216,1.4923857868020305,0.38349514563106796,-3.12807881773399,1.6479591836734695,-4.2272727272727275,-2.251207729468599,-4.463541666666667,-6.068292682926829,1.6117021276595744,-5.068292682926829,-0.9174757281553398,-2.3654822335025383,-2.544973544973545,-2.1319890009165903,-0.47619047619047616
B11,-0.16666666666666666,-1.161137440758294,1.6479591836734695,-0.9482758620689655,5.176165803108808,-2.0531914893617023,0.12322274881516587,-2.25130890052356,-1.8871794871794871,0.2019704433497537,3.23728813559322,6.118811881188119,6.438502673796791,2.135265700483092,0.22330097087378642,-2.3969072164948453,1.8074866310160427,-2.4171428571428573,-2.5121951219512195,5.52,3.393939393939394,0.16585365853658537,0.4406779661016949,4.276381909547739,1.6559139784946237,-3.1551724137931036,-1.2727272727272727,-1.380952380952381,0.3988439306358382,4.010810810810811,0.6594594594594595,-0.7382198952879581,4.348958333333333,-0.5583756345177665,-0.2706422018348624,-3.608040201005025,-1.9104477611940298,2.425,-2.802139037433155,0.5376344086021505,1.4946236559139785,0.9179487179487179,-0.47619047619047616,0.5982658959537572
