Unnamed: 0,R1,R2,R3,R4,R5,R6,R7,R8,R9,R10,R11,Y1,Y2,Y3,Y4,Y5,Y6,Y7,Y8,Y9,Y10,Y11,G1,G2,G3,G4,G5,G6,G7,G8,G9,G10,G11,B1,B2,B3,B4,B5,B6,B7,B8,B9,B10,B11
R1,-1818.0,-557.0,-174.0,-565.0,103.0,-567.0,-646.0,-355.0,-595.0,-574.0,-269.0,-111.0,735.0,-160.0,-507.0,-388.0,-277.0,-575.0,-554.0,-187.0,-56.0,-589.0,-116.0,57.0,-185.0,-721.0,-450.0,-232.0,-572.0,13.0,-93.0,-273.0,69.0,-498.0,-554.0,-598.0,-671.0,-127.0,-550.0,-264.0,-573.0,-503.0,-564.0,-271.0
R2,-557.0,-3729.0,-949.0,-863.0,-64.0,-1067.0,-915.0,-987.0,-1157.0,-744.0,-659.0,-437.0,179.0,-602.0,-1329.0,-743.0,-768.0,-956.0,-1005.0,-770.0,-413.0,-613.0,-609.0,-151.0,-594.0,-953.0,-836.0,-380.0,-836.0,-456.0,-475.0,-532.0,-438.0,-774.0,-758.0,-882.0,-772.0,-609.0,-998.0,-703.0,-741.0,-586.0,-592.0,-738.0
R3,-174.0,-949.0,-1516.0,-454.0,18.0,-462.0,-328.0,-446.0,-505.0,-429.0,-118.0,-210.0,489.0,-82.0,-355.0,-179.0,-375.0,-318.0,-519.0,-268.0,-398.0,-111.0,82.0,144.0,-191.0,-860.0,-556.0,-45.0,-161.0,112.0,-88.0,-92.0,126.0,-474.0,-448.0,-590.0,-566.0,-169.0,-361.0,-212.0,-431.0,-425.0,-601.0,-149.0
R4,-565.0,-863.0,-454.0,-3468.0,-62.0,-616.0,-725.0,-720.0,-947.0,-706.0,-804.0,-482.0,-24.0,-442.0,-971.0,-899.0,-724.0,-1039.0,-792.0,-618.0,-289.0,-958.0,-573.0,-153.0,-501.0,-984.0,-1021.0,-380.0,-594.0,-49.0,-281.0,-363.0,-155.0,-886.0,-640.0,-1017.0,-789.0,-577.0,-1122.0,-821.0,-736.0,-750.0,-772.0,-880.0
R5,103.0,-64.0,18.0,-62.0,-68.0,-73.0,0.0,-341.0,-334.0,-161.0,-84.0,133.0,501.0,253.0,-195.0,-93.0,-59.0,-152.0,-251.0,57.0,271.0,-112.0,354.0,509.0,44.0,-263.0,143.0,86.0,-85.0,185.0,195.0,286.0,674.0,-251.0,-447.0,-330.0,-330.0,298.0,-472.0,54.0,-113.0,-36.0,-225.0,-175.0
R6,-567.0,-1067.0,-462.0,-616.0,-73.0,-3085.0,-821.0,-440.0,-1163.0,-790.0,-384.0,-90.0,86.0,-375.0,-1052.0,-346.0,-879.0,-793.0,-718.0,-534.0,-161.0,-889.0,-569.0,-212.0,-508.0,-1239.0,-591.0,-305.0,-637.0,-346.0,-446.0,-462.0,16.0,-620.0,-661.0,-612.0,-745.0,-366.0,-1108.0,-712.0,-412.0,-818.0,-661.0,-532.0
R7,-646.0,-915.0,-328.0,-725.0,0.0,-821.0,-2887.0,-613.0,-881.0,-624.0,-539.0,-201.0,110.0,-598.0,-985.0,-463.0,-537.0,-654.0,-760.0,-425.0,-387.0,-816.0,-297.0,-69.0,-562.0,-789.0,-684.0,-334.0,-843.0,-244.0,-168.0,-433.0,-277.0,-804.0,-604.0,-641.0,-765.0,-391.0,-669.0,-439.0,-558.0,-487.0,-655.0,-575.0
R8,-355.0,-987.0,-446.0,-720.0,-341.0,-440.0,-613.0,-3193.0,-924.0,-603.0,102.0,-230.0,7.0,-425.0,-814.0,-935.0,-963.0,-821.0,-804.0,-521.0,-356.0,-603.0,-503.0,-344.0,-491.0,-1115.0,-891.0,-572.0,-762.0,-402.0,-448.0,-584.0,-220.0,-597.0,-738.0,-684.0,-776.0,-288.0,-812.0,-675.0,-715.0,-632.0,-807.0,-696.0
R9,-595.0,-1157.0,-505.0,-947.0,-334.0,-1163.0,-881.0,-924.0,-3666.0,-860.0,-504.0,-361.0,-70.0,-600.0,-902.0,-711.0,-857.0,-794.0,-988.0,-348.0,-344.0,-909.0,-489.0,-328.0,-526.0,-1274.0,-850.0,-495.0,-798.0,-353.0,-293.0,-316.0,-393.0,-695.0,-875.0,-862.0,-997.0,-586.0,-1006.0,-569.0,-580.0,-988.0,-771.0,-530.0
R10,-574.0,-744.0,-429.0,-706.0,-161.0,-790.0,-624.0,-603.0,-860.0,-3115.0,-618.0,-476.0,53.0,-787.0,-859.0,-468.0,-556.0,-572.0,-760.0,-336.0,-687.0,-695.0,-353.0,-230.0,-309.0,-834.0,-890.0,-496.0,-349.0,-304.0,-396.0,-479.0,-97.0,-973.0,-645.0,-759.0,-1002.0,-337.0,-780.0,-558.0,-576.0,-692.0,-972.0,-637.0
R11,-269.0,-659.0,-118.0,-804.0,-84.0,-384.0,-539.0,102.0,-504.0,-618.0,-1490.0,687.0,131.0,-48.0,-305.0,-276.0,-275.0,-497.0,-460.0,-121.0,-292.0,-492.0,-292.0,124.0,47.0,-480.0,-260.0,-141.0,-372.0,-33.0,-60.0,-212.0,168.0,-519.0,-575.0,-335.0,-330.0,-165.0,-419.0,-399.0,-257.0,-360.0,-548.0,-677.0
Y1,-111.0,-437.0,-210.0,-482.0,133.0,-90.0,-201.0,-230.0,-361.0,-476.0,687.0,-582.0,368.0,-12.0,-586.0,-161.0,-226.0,-93.0,-441.0,-42.0,25.0,100.0,4.0,113.0,257.0,-481.0,-360.0,373.0,-389.0,315.0,239.0,-40.0,146.0,76.0,-246.0,-68.0,-463.0,147.0,-333.0,-457.0,-18.0,23.0,-443.0,-205.0
Y2,735.0,179.0,489.0,-24.0,501.0,86.0,110.0,7.0,-70.0,53.0,131.0,368.0,1081.0,558.0,26.0,252.0,270.0,105.0,78.0,293.0,602.0,-97.0,470.0,517.0,545.0,-246.0,-33.0,674.0,-30.0,477.0,541.0,238.0,573.0,394.0,83.0,37.0,-191.0,237.0,-148.0,-71.0,97.0,25.0,-112.0,-81.0
Y3,-160.0,-602.0,-82.0,-442.0,253.0,-375.0,-598.0,-425.0,-600.0,-787.0,-48.0,-12.0,558.0,-1497.0,-527.0,-496.0,-202.0,-347.0,-628.0,24.0,-105.0,-421.0,-164.0,-25.0,-190.0,-156.0,-282.0,32.0,-425.0,7.0,0.0,-220.0,167.0,-579.0,-396.0,-331.0,-751.0,-98.0,-548.0,-407.0,-283.0,-533.0,-630.0,-142.0
Y4,-507.0,-1329.0,-355.0,-971.0,-195.0,-1052.0,-985.0,-814.0,-902.0,-859.0,-305.0,-586.0,26.0,-527.0,-3466.0,-748.0,-643.0,-883.0,-731.0,-534.0,-316.0,-637.0,-328.0,-22.0,-355.0,-966.0,-747.0,-123.0,-739.0,-285.0,-503.0,-901.0,-223.0,-695.0,-841.0,-677.0,-1121.0,-590.0,-958.0,-918.0,-815.0,-542.0,-802.0,-724.0
Y5,-388.0,-743.0,-179.0,-899.0,-93.0,-346.0,-463.0,-935.0,-711.0,-468.0,-276.0,-161.0,252.0,-496.0,-748.0,-2726.0,-505.0,-775.0,-870.0,-386.0,-439.0,-561.0,-25.0,-120.0,-593.0,-910.0,-559.0,-444.0,-609.0,-346.0,-153.0,-356.0,-151.0,-833.0,-825.0,-797.0,-830.0,-378.0,-555.0,-552.0,-715.0,-639.0,-644.0,-584.0
Y6,-277.0,-768.0,-375.0,-724.0,-59.0,-879.0,-537.0,-963.0,-857.0,-556.0,-275.0,-226.0,270.0,-202.0,-643.0,-505.0,-2515.0,-647.0,-780.0,-308.0,-38.0,-414.0,-211.0,-347.0,-273.0,-786.0,-607.0,-318.0,-627.0,-203.0,-418.0,-232.0,-196.0,-283.0,-699.0,-483.0,-699.0,-247.0,-782.0,-553.0,-370.0,-829.0,-679.0,-515.0
Y7,-575.0,-956.0,-318.0,-1039.0,-152.0,-793.0,-654.0,-821.0,-794.0,-572.0,-497.0,-93.0,105.0,-347.0,-883.0,-775.0,-647.0,-3126.0,-642.0,-660.0,-228.0,-735.0,-267.0,39.0,-369.0,-857.0,-790.0,-197.0,-695.0,-302.0,-427.0,-524.0,-67.0,-832.0,-880.0,-945.0,-899.0,-261.0,-1045.0,-508.0,-729.0,-705.0,-860.0,-812.0
Y8,-554.0,-1005.0,-519.0,-792.0,-251.0,-718.0,-760.0,-804.0,-988.0,-760.0,-460.0,-441.0,78.0,-628.0,-731.0,-870.0,-780.0,-642.0,-3467.0,-479.0,-474.0,-654.0,-725.0,-227.0,-507.0,-749.0,-809.0,-636.0,-933.0,-592.0,-464.0,-243.0,-279.0,-748.0,-905.0,-756.0,-1036.0,-402.0,-766.0,-689.0,-887.0,-971.0,-590.0,-590.0
Y9,-187.0,-770.0,-268.0,-618.0,57.0,-534.0,-425.0,-521.0,-348.0,-336.0,-121.0,-42.0,293.0,24.0,-534.0,-386.0,-308.0,-660.0,-479.0,-1462.0,-61.0,-274.0,-118.0,166.0,-386.0,-572.0,-519.0,160.0,-233.0,143.0,-178.0,-242.0,139.0,-445.0,-410.0,-442.0,-372.0,116.0,-607.0,-187.0,-346.0,-146.0,-400.0,-319.0
Y10,-56.0,-413.0,-398.0,-289.0,271.0,-161.0,-387.0,-356.0,-344.0,-687.0,-292.0,25.0,602.0,-105.0,-316.0,-439.0,-38.0,-228.0,-474.0,-61.0,-1177.0,-509.0,62.0,-30.0,-194.0,-353.0,-412.0,-4.0,-210.0,143.0,-224.0,-46.0,40.0,-408.0,-236.0,-443.0,-307.0,-229.0,-261.0,-232.0,-222.0,-455.0,-428.0,-312.0
Y11,-589.0,-613.0,-111.0,-958.0,-112.0,-889.0,-816.0,-603.0,-909.0,-695.0,-492.0,100.0,-97.0,-421.0,-637.0,-561.0,-414.0,-735.0,-654.0,-274.0,-509.0,-2586.0,-351.0,-89.0,-253.0,-737.0,-505.0,231.0,-565.0,-222.0,-324.0,-288.0,-185.0,-465.0,-695.0,-695.0,-595.0,-466.0,-913.0,-331.0,-533.0,-567.0,-605.0,-546.0
G1,-116.0,-609.0,82.0,-573.0,354.0,-569.0,-297.0,-503.0,-489.0,-353.0,-292.0,4.0,470.0,-164.0,-328.0,-25.0,-211.0,-267.0,-725.0,-118.0,62.0,-351.0,-1171.0,95.0,-252.0,-274.0,-279.0,231.0,-341.0,96.0,-69.0,187.0,269.0,-287.0,-309.0,-546.0,-437.0,-125.0,-541.0,-366.0,-254.0,-329.0,-515.0,-304.0
G2,57.0,-151.0,144.0,-153.0,509.0,-212.0,-69.0,-344.0,-328.0,-230.0,124.0,113.0,517.0,-25.0,-22.0,-120.0,-347.0,39.0,-227.0,166.0,-30.0,-89.0,95.0,-266.0,238.0,-406.0,-31.0,318.0,-245.0,65.0,183.0,291.0,261.0,-225.0,-229.0,-325.0,-100.0,65.0,-364.0,-109.0,-49.0,-229.0,-581.0,-73.0
G3,-185.0,-594.0,-191.0,-501.0,44.0,-508.0,-562.0,-491.0,-526.0,-309.0,47.0,257.0,545.0,-190.0,-355.0,-593.0,-273.0,-369.0,-507.0,-386.0,-194.0,-253.0,-252.0,238.0,-1472.0,-487.0,-742.0,207.0,-322.0,197.0,-104.0,-358.0,296.0,-603.0,-418.0,-509.0,-505.0,-65.0,-432.0,-270.0,-393.0,-246.0,-531.0,-383.0
G4,-721.0,-953.0,-860.0,-984.0,-263.0,-1239.0,-789.0,-1115.0,-1274.0,-834.0,-480.0,-481.0,-246.0,-156.0,-966.0,-910.0,-786.0,-857.0,-749.0,-572.0,-353.0,-737.0,-274.0,-406.0,-487.0,-3812.0,-873.0,-297.0,-673.0,-391.0,-508.0,-571.0,-676.0,-719.0,-831.0,-1130.0,-1090.0,-567.0,-983.0,-683.0,-657.0,-727.0,-746.0,-882.0
G5,-450.0,-836.0,-556.0,-1021.0,143.0,-591.0,-684.0,-891.0,-850.0,-890.0,-260.0,-360.0,-33.0,-282.0,-747.0,-559.0,-607.0,-790.0,-809.0,-519.0,-412.0,-505.0,-279.0,-31.0,-742.0,-873.0,-3001.0,-268.0,-817.0,-85.0,-266.0,-356.0,-96.0,-722.0,-635.0,-727.0,-862.0,-436.0,-990.0,-603.0,-787.0,-529.0,-861.0,-534.0
G6,-232.0,-380.0,-45.0,-380.0,86.0,-305.0,-334.0,-572.0,-495.0,-496.0,-141.0,373.0,674.0,32.0,-123.0,-444.0,-318.0,-197.0,-636.0,160.0,-4.0,231.0,231.0,318.0,207.0,-297.0,-268.0,-708.0,-338.0,374.0,42.0,-6.0,396.0,-241.0,-273.0,-330.0,-510.0,-9.0,-228.0,-304.0,-323.0,-282.0,-336.0,59.0
G7,-572.0,-836.0,-161.0,-594.0,-85.0,-637.0,-843.0,-762.0,-798.0,-349.0,-372.0,-389.0,-30.0,-425.0,-739.0,-609.0,-627.0,-695.0,-933.0,-233.0,-210.0,-565.0,-341.0,-245.0,-322.0,-673.0,-817.0,-338.0,-2738.0,-181.0,-196.0,-531.0,-160.0,-544.0,-691.0,-536.0,-709.0,-362.0,-710.0,-587.0,-764.0,-606.0,-687.0,-440.0
G8,13.0,-456.0,112.0,-49.0,185.0,-346.0,-244.0,-402.0,-353.0,-304.0,-33.0,315.0,477.0,7.0,-285.0,-346.0,-203.0,-302.0,-592.0,143.0,143.0,-222.0,96.0,65.0,197.0,-391.0,-85.0,374.0,-181.0,-563.0,-37.0,-80.0,243.0,-148.0,-312.0,-122.0,-431.0,-92.0,-216.0,-123.0,-16.0,-312.0,6.0,-197.0
G9,-93.0,-475.0,-88.0,-281.0,195.0,-446.0,-168.0,-448.0,-293.0,-396.0,-60.0,239.0,541.0,0.0,-503.0,-153.0,-418.0,-427.0,-464.0,-178.0,-224.0,-324.0,-69.0,183.0,-104.0,-508.0,-266.0,42.0,-196.0,-37.0,-1144.0,-122.0,-95.0,-246.0,-369.0,-299.0,-539.0,-165.0,-478.0,-185.0,-275.0,-159.0,-424.0,-377.0
G10,-273.0,-532.0,-92.0,-363.0,286.0,-462.0,-433.0,-584.0,-316.0,-479.0,-212.0,-40.0,238.0,-220.0,-901.0,-356.0,-232.0,-524.0,-243.0,-242.0,-46.0,-288.0,187.0,291.0,-358.0,-571.0,-356.0,-6.0,-531.0,-80.0,-122.0,-1648.0,89.0,-326.0,-623.0,-751.0,-698.0,-18.0,-739.0,-420.0,-578.0,-360.0,-615.0,-285.0
G11,69.0,-438.0,126.0,-155.0,674.0,16.0,-277.0,-220.0,-393.0,-97.0,168.0,146.0,573.0,167.0,-223.0,-151.0,-196.0,-67.0,-279.0,139.0,40.0,-185.0,269.0,261.0,296.0,-676.0,-96.0,396.0,-160.0,243.0,-95.0,89.0,-313.0,-363.0,-236.0,-234.0,-311.0,-24.0,-455.0,-50.0,-371.0,-180.0,-301.0,57.0
B1,-498.0,-774.0,-474.0,-886.0,-251.0,-620.0,-804.0,-597.0,-695.0,-973.0,-519.0,76.0,394.0,-579.0,-695.0,-833.0,-283.0,-832.0,-748.0,-445.0,-408.0,-465.0,-287.0,-225.0,-603.0,-719.0,-722.0,-241.0,-544.0,-148.0,-246.0,-326.0,-363.0,-2824.0,-777.0,-1036.0,-533.0,-430.0,-803.0,-531.0,-603.0,-517.0,-761.0,-268.0
B2,-554.0,-758.0,-448.0,-640.0,-447.0,-661.0,-604.0,-738.0,-875.0,-645.0,-575.0,-246.0,83.0,-396.0,-841.0,-825.0,-699.0,-880.0,-905.0,-410.0,-236.0,-695.0,-309.0,-229.0,-418.0,-831.0,-635.0,-273.0,-691.0,-312.0,-369.0,-623.0,-236.0,-777.0,-3103.0,-561.0,-990.0,-276.0,-964.0,-602.0,-604.0,-787.0,-677.0,-665.0
B3,-598.0,-882.0,-590.0,-1017.0,-330.0,-612.0,-641.0,-684.0,-862.0,-759.0,-335.0,-68.0,37.0,-331.0,-677.0,-797.0,-483.0,-945.0,-756.0,-442.0,-443.0,-695.0,-546.0,-325.0,-509.0,-1130.0,-727.0,-330.0,-536.0,-122.0,-299.0,-751.0,-234.0,-1036.0,-561.0,-3186.0,-828.0,-295.0,-880.0,-607.0,-765.0,-544.0,-856.0,-697.0
B4,-671.0,-772.0,-566.0,-789.0,-330.0,-745.0,-765.0,-776.0,-997.0,-1002.0,-330.0,-463.0,-191.0,-751.0,-1121.0,-830.0,-699.0,-899.0,-1036.0,-372.0,-307.0,-595.0,-437.0,-100.0,-505.0,-1090.0,-862.0,-510.0,-709.0,-431.0,-539.0,-698.0,-311.0,-533.0,-990.0,-828.0,-3610.0,-476.0,-1135.0,-530.0,-931.0,-806.0,-810.0,-642.0
B5,-127.0,-609.0,-169.0,-577.0,298.0,-366.0,-391.0,-288.0,-586.0,-337.0,-165.0,147.0,237.0,-98.0,-590.0,-378.0,-247.0,-261.0,-402.0,116.0,-229.0,-466.0,-125.0,65.0,-65.0,-567.0,-436.0,-9.0,-362.0,-92.0,-165.0,-18.0,-24.0,-430.0,-276.0,-295.0,-476.0,-1296.0,-514.0,-295.0,7.0,-20.0,-346.0,-437.0
B6,-550.0,-998.0,-361.0,-1122.0,-472.0,-1108.0,-669.0,-812.0,-1006.0,-780.0,-419.0,-333.0,-148.0,-548.0,-958.0,-555.0,-782.0,-1045.0,-766.0,-607.0,-261.0,-913.0,-541.0,-364.0,-432.0,-983.0,-990.0,-228.0,-710.0,-216.0,-478.0,-739.0,-455.0,-803.0,-964.0,-880.0,-1135.0,-514.0,-3661.0,-695.0,-834.0,-445.0,-995.0,-674.0
B7,-264.0,-703.0,-212.0,-821.0,54.0,-712.0,-439.0,-675.0,-569.0,-558.0,-399.0,-457.0,-71.0,-407.0,-918.0,-552.0,-553.0,-508.0,-689.0,-187.0,-232.0,-331.0,-366.0,-109.0,-270.0,-683.0,-603.0,-304.0,-587.0,-123.0,-185.0,-420.0,-50.0,-531.0,-602.0,-607.0,-530.0,-295.0,-695.0,-2414.0,-411.0,-633.0,-603.0,-502.0
B8,-573.0,-741.0,-431.0,-736.0,-113.0,-412.0,-558.0,-715.0,-580.0,-576.0,-257.0,-18.0,97.0,-283.0,-815.0,-715.0,-370.0,-729.0,-887.0,-346.0,-222.0,-533.0,-254.0,-49.0,-393.0,-657.0,-787.0,-323.0,-764.0,-16.0,-275.0,-578.0,-371.0,-603.0,-604.0,-765.0,-931.0,7.0,-834.0,-411.0,-2625.0,-461.0,-731.0,-687.0
B9,-503.0,-586.0,-425.0,-750.0,-36.0,-818.0,-487.0,-632.0,-988.0,-692.0,-360.0,23.0,25.0,-533.0,-542.0,-639.0,-829.0,-705.0,-971.0,-146.0,-455.0,-567.0,-329.0,-229.0,-246.0,-727.0,-529.0,-282.0,-606.0,-312.0,-159.0,-360.0,-180.0,-517.0,-787.0,-544.0,-806.0,-20.0,-445.0,-633.0,-461.0,-2577.0,-611.0,-217.0
B10,-564.0,-592.0,-601.0,-772.0,-225.0,-661.0,-655.0,-807.0,-771.0,-972.0,-548.0,-443.0,-112.0,-630.0,-802.0,-644.0,-679.0,-860.0,-590.0,-400.0,-428.0,-605.0,-515.0,-581.0,-531.0,-746.0,-861.0,-336.0,-687.0,6.0,-424.0,-615.0,-301.0,-761.0,-677.0,-856.0,-810.0,-346.0,-995.0,-603.0,-731.0,-611.0,-3229.0,-490.0
B11,-271.0,-738.0,-149.0,-880.0,-175.0,-532.0,-575.0,-696.0,-530.0,-637.0,-677.0,-205.0,-81.0,-142.0,-724.0,-584.0,-515.0,-812.0,-590.0,-319.0,-312.0,-546.0,-304.0,-73.0,-383.0,-882.0,-534.0,59.0,-440.0,-197.0,-377.0,-285.0,57.0,-268.0,-665.0,-697.0,-642.0,-437.0,-674.0,-502.0,-687.0,-217.0,-490.0,-2416.0
